freq,mag,phase
6.0,1.0000706797312335,-62.00601976083958
6.002906112,1.0000759669816526,-62.14850868761194
6.005811712,1.0000744423084102,-62.29103229161738
6.008717824,1.000068084456163,-62.433503171288955
6.011623936,1.0000575332384798,-62.57594926688451
6.014529536,1.0000435837309298,-62.71813555934552
6.017435648,1.0000265343608001,-62.860221874506806
6.020341248,1.0000079623524751,-63.00207669033788
6.02324736,0.9999889239170563,-63.14362394138577
6.026153472,0.9999706395616881,-63.284987055919466
6.029059072,0.9999538051748529,-63.42606882577802
6.031965184,0.999940150425086,-63.56704184621486
6.034871296,0.9999299318937847,-63.70779710498783
6.037776896,0.9999242753585279,-63.84850154019238
6.040683008,0.999923317878218,-63.98913719330287
6.043588608,0.9999270486868004,-64.12988317693004
6.04649472,0.999935198611009,-64.27072484544834
6.049400832,0.9999475960602441,-64.41171482261814
6.052306432,0.9999631206272324,-64.5529893886941
6.055212544,0.9999809462530284,-64.694452899863
6.058118656,1.0000000241698344,-64.83627630943631
6.061024256,1.000018867554691,-64.9783736784335
6.063930368,1.0000367922080087,-65.1207456441624
6.066835968,1.0000523108363817,-65.26341152164719
6.06974208,1.000064471512584,-65.40630028074843
6.072648192,1.0000728031355812,-65.54936180669534
6.075553792,1.000076333376239,-65.69250917252249
6.078459904,1.0000750716568014,-65.83577896219794
6.081366016,1.000069261755671,-65.97896870586013
6.084271616,1.0000590192940166,-66.12203963404728
6.087177728,1.000045004391726,-66.2650507321324
6.090083328,1.0000283177172669,-66.40779934350208
6.09298944,1.000009652826943,-66.55033722630547
6.095895552,0.9999903969485824,-66.69259876807193
6.098801152,0.999971833656662,-66.83468616852575
6.101707264,0.999954978799384,-66.97648613836547
6.104613376,0.9999407096956515,-67.11811175859297
6.107518976,0.9999302421740689,-67.25960550298899
6.110425088,0.9999241273783408,-67.40095058244358
6.113330688,0.9999224685457221,-67.54230782895175
6.1162368,0.9999259868602064,-67.68367468079076
6.119142912,0.9999339911096693,-67.82520144001712
6.122048512,0.9999460830499166,-67.96686444571708
6.124954624,0.9999615256427684,-68.10874297531025
6.127860736,0.9999792638342377,-68.25092751807725
6.130766336,0.999998404416494,-68.39335819816465
6.133672448,1.0000175507884763,-68.53613151686423
6.136578048,1.0000355184354033,-68.67916584401871
6.13948416,1.0000513554545853,-68.82251390448621
6.142390272,1.000064084715027,-68.96603431017195
6.145295872,1.0000726014614458,-69.10977407548306
6.148201984,1.0000767051432058,-69.25360676984195
6.151108096,1.0000758813603112,-69.39754756543735
6.154013696,1.0000704431350003,-69.54143639735501
6.156919808,1.0000604932460306,-69.68520019872696
6.159825408,1.0000467654307028,-69.82890308486688
6.16273152,1.000030054021482,-69.97233171896238
6.165637632,1.0000114665943693,-70.11558824141896
6.168543232,0.9999921927726457,-70.25854144402271
6.171449344,0.999973228898407,-70.40130064808055
6.174355456,0.9999559945444637,-70.54379624651902
6.177261056,0.9999414362965119,-70.6860951261695
6.180167168,0.9999304952470598,-70.82825605785203
6.183072768,0.9999240003952509,-70.97028427767248
6.18597888,0.9999220069730809,-71.11233540730352
6.188884992,0.9999251000325259,-71.25433135865572
6.191790592,0.9999326673102094,-71.39649160197467
6.194696704,0.9999443909105357,-71.53881940696382
6.197602816,0.9999598127762259,-71.68133174222957
6.200508416,0.9999774307868838,-71.824151947903
6.203414528,0.9999965460016167,-71.96724460360423
6.206320128,1.000015896973353,-72.11062900324022
6.20922624,1.0000343370065687,-72.25431645500674
6.212132352,1.0000506086163043,-72.39828285094121
6.215037952,1.0000634622656066,-72.54251399196997
6.217944064,1.00007259706584,-72.68685601916775
6.220850176,1.0000769964118394,-72.83139862912944
6.223755776,1.0000766512483055,-72.97592987884929
6.226661888,1.0000715476955249,-73.12052568302795
6.229568,1.0000618705508175,-73.26500128430912
6.2324736,1.0000484037601995,-73.40928949908366
6.235379712,1.0000317971296966,-73.55347906443599
6.238285312,1.000013116680066,-73.69736083532102
6.241191424,0.9999937464790571,-73.84105981588701
6.244097536,0.9999745977280343,-73.98447711221527
6.247003136,0.9999570915097894,-74.1276568065686
6.249909248,0.9999421143819965,-74.27061389565272
6.25281536,0.9999308974779002,-74.41341974190829
6.25572096,0.9999238426418315,-74.55610155822946
6.258627072,0.9999213942436664,-74.6987949137027
6.261532672,0.9999240625096097,-74.84146946610478
6.264438784,0.9999312665323709,-74.98422110215931
6.267344896,0.9999428184892797,-75.1271446923975
6.270250496,0.9999578887658893,-75.27030410173084
6.273156608,0.9999755108903498,-75.4137420487637
6.27606272,0.9999946547218278,-75.55743551387444
6.27896832,1.0000143052352384,-75.7014407706183
6.281874432,1.0000329340989544,-75.84579391223639
6.284780032,1.0000493506232933,-75.99037123657126
6.287686144,1.000062835523312,-76.13522028741933
6.290592256,1.00007228993525,-76.28026409431129
6.293497856,1.0000773221124764,-76.42538625488498
6.296403968,1.0000773604109123,-76.57062641879706
6.29931008,1.0000726444469838,-76.71584422861305
6.30221568,1.0000633291795868,-76.8609588855393
6.305121792,1.0000500565582455,-77.00597760968124
6.308027392,1.0000334619980151,-77.15078630056752
6.310933504,1.00001500235525,-77.29536711755597
6.313839616,0.9999954202540745,-77.43968004362975
6.316745216,0.9999760424338208,-77.58376901086646
6.319651328,0.9999582629594338,-77.72761326293383
6.32255744,0.9999429641545303,-77.87121292253194
6.32546304,0.9999311704479941,-78.01464439293109
6.328369152,0.9999235943808762,-78.15798917449408
6.331274752,0.9999207838891214,-78.30125996512335
6.334180864,0.9999229493392944,-78.44459850535932
6.337086976,0.999929843355308,-78.58797271297489
6.339992576,0.9999411888785429,-78.73151491823117
6.342898688,0.9999561193930453,-78.87527064190208
6.3458048,0.9999736016474342,-79.01931961574522
6.3487104,0.9999929227910698,-79.1635960061588
6.351616512,1.0000125524955006,-79.30822378253748
6.354522112,1.000031427174681,-79.45311630380353
6.357428224,1.000048322607479,-79.59832752126836
6.360334336,1.0000622060857602,-79.74377778155542
6.363239936,1.0000721541122473,-79.88944568095081
6.366146048,1.0000776970699115,-80.03520056153651
6.36905216,1.0000781118559974,-80.18106832476089
6.37195776,1.0000739644064232,-80.3269077119233
6.374863872,1.0000649106913608,-80.47271406328068
6.377769472,1.0000518758830128,-80.61833572571487
6.380675584,1.000035325586213,-80.76381540809828
6.383581696,1.0000168864142351,-80.90899860728555
6.386487296,0.9999972843384487,-81.05400374013415
6.389393408,0.9999775804142548,-81.19872090555319
6.39229952,0.9999594636409636,-81.34318167725475
6.39520512,0.9999439145834342,-81.48741311190152
6.398111232,0.9999316527955469,-81.63147483823289
6.401016832,0.9999237431452718,-81.77543660409117
6.403922944,0.9999204212515838,-81.91931843753433
6.406829056,0.9999220377829773,-82.06324284712046
6.409734656,0.9999285987497878,-82.20723360277341
6.412640768,0.9999395308224286,-82.35135822211065
6.41554688,0.9999542585485619,-82.49574300304288
6.41845248,0.999971813581025,-82.64032554117256
6.421358592,0.999991090212924,-82.7852100407608
6.424264192,1.0000108765361195,-82.93039248723043
6.427170304,1.0000300621197116,-83.07590641112434
6.430076416,1.0000471540932505,-83.22171285403152
6.432982016,1.0000615478493051,-83.36774662046534
6.435888128,1.0000718775096662,-83.51401834155197
6.43879424,1.0000778741007912,-83.66037678662377
6.44169984,1.0000788293858118,-83.80685682734838
6.444605952,1.0000747429067296,-83.95330871887289
6.447511552,1.000066359709308,-84.09968599568596
6.450417664,1.0000534587647043,-84.24597526578353
6.453323776,1.0000373198999486,-84.3920198796177
6.456229376,1.0000187773797624,-84.53787669431058
6.459135488,0.9999989391262889,-84.68347657214716
6.4620416,0.9999793503431557,-84.82880605625947
6.4649472,0.9999607101230918,-84.97389366931131
6.467853312,0.9999446702999034,-85.11877387172049
6.470759424,0.9999320648536821,-85.26342955643037
6.473665024,0.9999235017511278,-85.4080022846048
6.476571136,0.999919951238318,-85.55247290251783
6.479476736,0.9999211086283115,-85.6969707661794
6.482382848,0.9999271071842888,-85.84153381722959
6.48528896,0.9999379383493693,-85.9862237145955
6.48819456,0.9999524239107698,-86.13114075908913
6.491100672,0.9999698572099428,-86.27630205880239
6.494006784,0.9999890165542284,-86.42176220117429
6.496912384,1.0000090489140792,-86.56751891673773
6.499818496,1.0000284762266964,-86.7135981043805
6.502724096,1.0000460488567962,-86.85991758317347
6.505630208,1.0000607909952173,-87.00653763232337
6.50853632,1.0000716324685714,-87.15336516892191
6.51144192,1.0000779701001754,-87.30037252561654
6.514348032,1.0000795452747562,-87.44738973194067
6.517254144,1.0000759251757374,-87.59444273528237
6.520159744,1.000067590833212,-87.74144979235193
6.523065856,1.0000551081647409,-87.8882665091584
6.525971456,1.0000391810120695,-88.0349722825931
6.528877568,1.0000205845524939,-88.18143499668514
6.53178368,1.0000007328923406,-88.32762588402295
6.53468928,0.9999809013562921,-88.47354609307406
6.537595392,0.9999621545360518,-88.61927216319306
6.540501504,0.9999455789532147,-88.76469939353835
6.543407104,0.9999323937943216,-88.909985313264
6.546313216,0.9999235551466735,-89.05505525749106
6.549218816,0.9999193410919838,-89.20011638815775
6.552124928,0.999920166418131,-89.34517339205065
6.55503104,0.999925777469204,-89.49031912289236
6.55793664,0.9999361891784772,-89.63552419493325
6.560842752,0.9999504420349616,-89.78099461913003
6.563748864,0.9999677376419808,-89.92670410263733
6.566654464,0.9999870357758373,-90.07267577526754
6.569560576,1.000007182813031,-90.21895653557652
6.572466176,1.0000267954958446,-90.36559662259657
6.575372288,1.000044770755837,-90.51247454075748
6.5782784,1.0000598979916515,-90.65963569234964
6.581184,1.0000712978557256,-90.80698577201491
6.584090112,1.0000781620911858,-90.95452903969829
6.586996224,1.0000801754051951,-91.10213863392893
6.589901824,1.0000770260495129,-91.24975766691475
6.592807936,1.000069165214897,-91.39732547553366
6.595713536,1.0000569107007056,-91.54477480564113
6.598619648,1.0000410518304037,-91.69205137587703
6.60152576,1.0000226583777532,-91.83908654790862
6.60443136,1.0000027044136621,-91.98587057767347
6.607337472,0.9999825880520407,-92.13240600446456
6.610243584,0.9999634179477416,-92.27862075157101
6.613149184,0.9999466944018136,-92.42466649589531
6.616055296,0.9999330671250228,-92.57048774882233
6.618960896,0.9999236293132554,-92.71614365797849
6.621867008,0.9999187099180548,-92.86176227432831
6.62477312,0.9999191710484662,-93.00731195239013
6.62767872,0.9999245204921222,-93.1529719585333
6.630584832,0.9999344734991372,-93.29874015761405
6.633490944,0.9999485434187071,-93.44470680127024
6.636396544,0.9999657246572086,-93.5909100201803
6.639302656,0.9999850093807355,-93.73743284526553
6.642208256,1.0000052813501177,-93.88425476224535
6.645114368,1.0000251858527474,-94.03135922673174
6.64802048,1.0000434475526232,-94.17874813662942
6.65092608,1.0000589939641276,-94.3264416847624
6.653832192,1.0000709378086226,-94.47433102093677
6.656738304,1.0000782089471023,-94.62240409784282
6.659643904,1.000080656619694,-94.77054316428745
6.662550016,1.0000781028963852,-94.91870643199123
6.665455616,1.0000707118689807,-95.06680759207367
6.668361728,1.0000586692870848,-95.21482133607692
6.67126784,1.0000430312490733,-95.36263521422855
6.67417344,1.0000246104752022,-95.51021713923129
6.677079552,1.0000046197747696,-95.65759614274751
6.679985664,0.9999842693382957,-95.80466112096515
6.682891264,0.9999649427265886,-95.95143943996732
6.685797376,0.999947583639437,-96.09800845220289
6.688703488,0.9999336068025303,-96.24437036535576
6.691609088,0.999923658650058,-96.39056284772433
6.6945152,0.9999184545089728,-96.5366842282476
6.6974208,0.9999182160638915,-96.68275847549035
6.700326912,0.9999230870021067,-96.82891361519523
6.703233024,0.9999327919190871,-96.97518304835522
6.706138624,0.99994652458365,-97.12162956293821
6.709044736,0.9999636039467125,-97.26834054474587
6.711950848,0.9999830004427556,-97.41534923514305
6.714856448,1.0000032481244154,-97.56262825530061
6.71776256,1.0000234316759524,-97.71020796343676
6.72066816,1.0000420488742525,-97.85814808165071
6.723574272,1.0000581064940397,-98.00631985825825
6.726480384,1.0000704559691465,-98.1546867980487
6.729385984,1.0000782472215592,-98.30328561083161
6.732292096,1.000081220274629,-98.45193710124742
6.735198208,1.0000791044814452,-98.60063042100603
6.738103808,1.0000719871967274,-98.74928692810056
6.74100992,1.0000603086615099,-98.8977857481399
6.74391552,1.0000447863148312,-99.04615688518861
6.746821632,1.0000265587136645,-99.19425653900734
6.749727744,1.0000064744237476,-99.34212180992064
6.752633344,0.9999860029818545,-99.48973059673001
6.755539456,0.9999663623436749,-99.63705799648802
6.758445568,0.9999487624650264,-99.7841174009842
6.761351168,0.99993421549348,-99.93099457044849
6.76425728,0.9999236603715441,-100.077707059125
6.76716288,0.999917952758665,-100.22432134809421
6.770068992,0.999917347173379,-100.37090116330859
6.772975104,0.9999216873234965,-100.5174919922234
6.775880704,0.9999310465552,-100.66426213569399
6.778786816,0.9999446203808319,-100.81114377857804
6.781692928,0.9999614586691042,-100.95833544737266
6.784598528,0.9999806959817535,-101.10576680545944
6.78750464,1.0000012795452782,-101.2535101864594
6.79041024,1.0000216773014277,-101.40158501181358
6.793316352,1.0000406340778114,-101.54995178110849
6.796222464,1.0000569933649603,-101.69860101719534
6.799128064,1.0000699047306392,-101.84745831456897
6.802034176,1.0000783427305293,-101.99648841624325
6.804940288,1.000081772895007,-102.14565928938144
6.807845888,1.0000801740326446,-102.29481916147952
6.810752,1.0000734256207158,-102.44395619033499
6.8136576,1.0000620823681396,-102.59299744559107
6.816563712,1.0000468841414518,-102.741842579166
6.819469824,1.0000285827419946,-102.89049023562814
6.822375424,1.0000085805154704,-103.03884232695337
6.825281536,0.9999879050078188,-103.18692221263679
6.828187648,0.9999678817798047,-103.33476443480497
6.831093248,0.9999498509886938,-103.48233150873332
6.83399936,0.9999349495605384,-103.6296836438625
6.83690496,0.9999239234129527,-103.77684382321864
6.839811072,0.9999176027539697,-103.92392405815164
6.842717184,0.999916418177084,-104.07098203998432
6.845622784,0.9999204031804898,-104.21802474886589
6.848528896,0.9999293476497827,-104.36521081406715
6.851435008,0.9999425717624996,-104.51260229700772
6.854340608,0.9999593144576758,-104.6601739076456
6.85724672,0.9999785671967922,-104.8080351954614
6.86015232,0.999999167892409,-104.95620616470323
6.863058432,1.0000197591106483,-105.1047176686398
6.865964544,1.000039088498,-105.25351841096638
6.868870144,1.0000559853375266,-105.40260247395722
6.871776256,1.000069293274908,-105.55190414878118
6.874682368,1.0000782186249535,-105.7013843277549
6.877587968,1.000082198283902,-105.85098987485183
6.88049408,1.0000811011979804,-106.00065719115219
6.88339968,1.00007484458627,-106.1502364437956
6.886305792,1.0000638755233242,-106.29973573111107
6.889211904,1.0000488238545167,-106.44906544978429
6.892117504,1.0000307903445762,-106.5981575741344
6.895023616,1.0000105930100445,-106.7470104759836
6.897929728,0.9999898117829032,-106.89562482111302
6.900835328,0.9999694417724115,-107.04386771463398
6.90374144,0.9999510940007698,-107.1919321457354
6.90664704,0.9999355249114401,-107.33970941414732
6.909553152,0.9999240309458779,-107.48733987509947
6.912459264,0.9999172710260018,-107.63482108621749
6.915364864,0.999915605975514,-107.78232067724488
6.918270976,0.9999190614869946,-107.92980822031735
6.921177088,0.999927509653143,-108.07740334747675
6.924082688,0.9999404800486144,-108.22517330079894
6.9269888,0.9999571001936945,-108.37316829057973
6.929894912,0.9999764219340274,-108.52143526916993
6.932800512,0.9999970429431264,-108.67000728078901
6.935706624,1.0000178741852834,-108.81888515129995
6.938612224,1.0000375758605577,-108.96809155925875
6.941518336,1.0000548259335698,-109.11757924756972
6.944424448,1.0000686215354024,-109.2672933977501
6.947330048,1.0000782008579945,-109.41720008546326
6.95023616,1.0000827084603652,-109.5672313957302
6.953142272,1.0000820258378103,-109.71730817864785
6.956047872,1.0000762284472329,-109.86735430538572
6.958953984,1.0000656269807995,-110.01728294540786
6.961859584,1.0000507853934588,-110.16708871825216
6.964765696,1.0000327759671679,-110.31661853100407
6.967671808,1.000012672294364,-110.46591848452994
6.970577408,0.999991683364587,-110.61492729654205
6.97348352,0.9999711614739593,-110.7636544663502
6.976389632,0.9999523811724147,-110.9121159010081
6.979295232,0.9999363846350687,-111.06033925310147
6.982201344,0.9999244654091175,-111.20839736348549
6.985106944,0.9999170399512358,-111.35631624228242
6.988013056,0.9999147119271673,-111.50418544508722
6.990919168,0.999917715569903,-111.65205700713452
6.993824768,0.9999257965536705,-111.80002182567169
6.99673088,0.9999384398714581,-111.94815893320768
6.999636992,0.9999549207540992,-112.09651601797874
7.002542592,0.9999740755831608,-112.24518674065845
7.005448704,0.9999948495952337,-112.39409891630675
7.008354304,1.0000159164546183,-112.54335909251746
7.011260416,1.0000359023785033,-112.69295035933189
7.014166528,1.0000536385494634,-112.84277936935611
7.017072128,1.0000679775191486,-112.99288982042204
7.01997824,1.0000780049594495,-113.14319990183785
7.022884352,1.0000831982290113,-113.29362205797935
7.025789952,1.000082999327545,-113.4440751208874
7.028696064,1.0000777184972307,-113.594534414591
7.031601664,1.00006741363197,-113.74487499275688
7.034507776,1.000052904497742,-113.89505652444211
7.037413888,1.0000350396630275,-114.04504285369346
7.040319488,1.0000149157584515,-114.19472147921938
7.0432256,0.9999937162650576,-114.34417510198008
7.046131712,0.9999729104476592,-114.49328911467866
7.049037312,0.9999537255725786,-114.64216612470338
7.051943424,0.9999373112320574,-114.79079016794279
7.054849024,0.999924809070181,-114.93920875781896
7.057755136,0.999916916947851,-115.08752611787047
7.060661248,0.999914033353611,-115.23574326747907
7.063566848,0.9999165569690517,-115.38397251260227
7.06647296,0.9999242630741931,-115.53229622662458
7.069379072,0.9999365530817035,-115.68080573235079
7.072284672,0.9999527713398924,-115.82950558153854
7.075190784,0.9999720091219733,-115.97847999409996
7.078096384,0.9999927128953832,-116.12776761807551
7.081002496,1.0000140338060552,-116.27735783371847
7.083908608,1.0000343477088867,-116.42725112542179
7.086814208,1.0000524705069598,-116.57746117671049
7.08972032,1.00006734974053,-116.72791838133176
7.092626432,1.0000779230543206,-116.87858433195244
7.095532032,1.0000836036734575,-117.02934774939506
7.098438144,1.0000840650343026,-117.18017391393329
7.101343744,1.0000791857548512,-117.33102203838688
7.104249856,1.0000693377597467,-117.48173640052434
7.107155968,1.0000550005822813,-117.63229379163774
7.110061568,1.0000373013469133,-117.78263172035014
7.11296768,1.000017157600833,-117.93272393825261
7.115873792,0.9999958606453474,-118.08255527908157
7.118779392,0.9999748754812311,-118.2320636556936
7.121685504,0.9999551947288898,-118.38131681667556
7.124591104,0.9999383587738627,-118.53027387901206
7.127497216,0.9999252713431379,-118.67905484937911
7.130403328,0.9999167479218917,-118.82769689858706
7.133308928,0.9999133669489079,-118.97626787369308
7.13621504,0.9999154384852873,-119.12483446542115
7.139121152,0.9999225423502607,-119.27348506759839
7.142026752,0.9999346420345226,-119.4222552719911
7.144932864,0.9999506524870843,-119.57128175030012
7.147838976,0.9999696551214822,-119.7205713437036
7.150744576,0.9999905628840798,-119.87013506844004
7.153650688,1.0000119709425672,-120.02004843545382
7.156556288,1.0000326383543932,-120.17023270302579
7.1594624,1.0000512422333694,-120.32077238308538
7.162368512,1.0000666168529777,-120.47152415815248
7.165274112,1.00007777757947,-120.6225130098333
7.168180224,1.0000840193225158,-120.7736041146513
7.171086336,1.000084947979802,-120.92477496373753
7.173991936,1.0000806028703622,-121.07595229433925
7.176898048,1.000071128360486,-121.22701476961133
7.179803648,1.0000572098716685,-121.37793326238409
7.18270976,1.0000395122556258,-121.52865070307263
7.185615872,1.000019508793302,-121.67906860718826
7.188521472,0.9999980154855742,-121.82922286061144
7.191427584,0.9999766704371887,-121.97907538013312
7.194333696,0.9999566716548913,-122.1286631630266
7.197239296,0.9999393087492677,-122.27797901502746
7.200145408,0.9999257457750841,-122.42708018274065
7.203051008,0.9999166550094389,-122.57604160335397
7.20595712,0.9999127153945936,-122.72490559227944
7.208863232,0.9999141716672174,-122.87376295975574
7.211768832,0.9999209078890235,-123.0226899041042
7.214674944,0.9999325381129482,-123.1717814863001
7.217581056,0.9999483392186661,-123.32105234392732
7.220486656,0.9999672548055295,-123.47059988120388
7.223392768,0.9999882653993979,-123.62040657227872
7.226298368,1.0000098566361877,-123.77062225255551
7.22920448,1.0000307835854072,-123.92107557222268
7.232110592,1.0000497680903442,-124.07186400884147
7.235016192,1.0000657190896811,-124.22290576523193
7.237922304,1.0000773724324183,-124.37415488152254
7.240828416,1.0000842473628195,-124.52555983627317
7.243734016,1.0000857029725028,-124.67700894023568
7.246640128,1.0000818435011578,-124.82850181145929
7.249545728,1.0000728466341202,-124.97988917935255
7.25245184,1.000059246716905,-125.13110637637529
7.255357952,1.0000416669253112,-125.2821261398678
7.258263552,1.0000216414117986,-125.43287089276977
7.261169664,1.0000001228151318,-125.58333995252025
7.264075776,0.9999785007628333,-125.73354347625578
7.266981376,0.9999581491738264,-125.8833903343698
7.269887488,0.9999403249168123,-126.03299546332654
7.272793088,0.9999262016936893,-126.18240124358957
7.2756992,0.9999165570557056,-126.33164093542992
7.278605312,0.9999119725605099,-126.48074315473205
7.281510912,0.9999128938931623,-126.62987411721413
7.284417024,0.9999191570901329,-126.77906514112836
7.287323136,0.9999304614257782,-126.92837087350938
7.290228736,0.9999459118852168,-127.07790227390383
7.293134848,0.9999648390687739,-127.22768469008885
7.296040448,0.9999858402738491,-127.37775039489476
7.29894656,1.0000076387716947,-127.52813584260849
7.301852672,1.0000289090709817,-127.67884620217077
7.304758272,1.0000483162126732,-127.8298922461935
7.307664384,1.0000647435795582,-127.98118491266773
7.310570496,1.0000770813152688,-128.13266518604053
7.313476096,1.0000844546984837,-128.284320166064
7.316382208,1.0000865689599925,-128.4360586975927
7.319287808,1.0000832242451148,-128.58777595951756
7.32219392,1.0000746221310577,-128.73945735178424
7.325100032,1.0000612408420202,-128.89096115513075
7.328005632,1.0000439816079802,-129.04224757843502
7.330911744,1.0000239847096741,-129.19330440694932
7.333817856,1.000002361461665,-129.34403606631514
7.336723456,0.9999804365161895,-129.49448585417554
7.339629568,0.999959820406344,-129.64462983777565
7.342535168,0.9999414627455838,-129.79451000220084
7.34544128,0.9999267332817733,-129.94417469569152
7.348347392,0.9999165116173077,-130.09363747638153
7.351252992,0.9999113685822649,-130.2429801669478
7.354159104,0.9999117430770502,-130.3923586761226
7.357065216,0.9999174980310803,-130.54175153259854
7.359970816,0.9999283279852333,-130.6912625740359
7.362876928,0.9999436102948195,-130.84099441172015
7.365782528,0.9999623192198173,-130.99098054337293
7.36868864,0.9999833739367769,-131.14123548252593
7.371594752,1.000005361157205,-131.29180945038095
7.374500352,1.000027005775804,-131.44275156229645
7.377406464,1.0000468655220085,-131.59395629476666
7.380312576,1.0000636909340928,-131.74544548166998
7.383218176,1.0000765848748718,-131.89714124513569
7.386124288,1.000084623547959,-132.04902668381132
7.3890304,1.0000872948447392,-132.20099476937426
7.391936,1.000084435790769,-132.3529518630606
7.394842112,1.000076323377422,-132.5048684125341
7.397747712,1.0000632504892166,-132.656625327912
7.400653824,1.0000462476348044,-132.80816541039232
7.403559936,1.000026325521115,-132.95944530119394
7.406465536,1.0000045542628422,-133.11045013462657
7.409371648,0.9999824428596086,-133.26112649554736
7.41227776,0.9999613711367703,-133.41149232847616
7.41518336,0.9999426252579093,-133.56159358592458
7.418089472,0.9999273275072967,-133.71148488151596
7.420995072,0.9999164617759905,-133.86116201021744
7.423901184,0.9999108121857262,-134.01072142454922
7.426807296,0.9999105893528788,-134.16026343833917
7.429712896,0.9999158649321724,-134.30983499150094
7.432619008,0.9999263300631385,-134.45954314586245
7.43552512,0.9999413670594016,-134.60942256095814
7.43843072,0.9999599386993545,-134.75957095148794
7.441336832,0.999980943804066,-134.91000453470832
7.444242432,1.0000030737559886,-135.06074745264485
7.447148544,1.000025065897991,-135.21181256025474
7.450054656,1.0000453180758484,-135.3631701447909
7.452960256,1.0000627383003309,-135.5148540008648
7.455866368,1.0000761687526947,-135.6667513441043
7.45877248,1.0000848237859126,-135.81880534061966
7.46167808,1.0000881584632095,-135.9709545768452
7.464584192,1.00008586080327,-136.12311355713325
7.467489792,1.0000781514166113,-136.27519869694152
7.470395904,1.000065550016405,-136.4271717188019
7.473302016,1.0000486593421711,-136.57891899438573
7.476207616,1.0000288317882098,-136.73042906182
7.479113728,1.0000069629804877,-136.88163249315105
7.48201984,0.9999846334872664,-137.03249654307973
7.48492544,0.9999631984463806,-137.18310155828192
7.487831552,0.9999440124271256,-137.33338691236173
7.490737152,0.9999281184098571,-137.48345144063228
7.493643264,0.9999166723656661,-137.63330122992912
7.496549376,0.9999103239884718,-137.7830398002231
7.499454976,0.9999095704479087,-137.93271999977827
7.502361088,0.9999143123541409,-138.08242285139374
7.5052672,0.9999244191429297,-138.23226828363138
7.5081728,0.9999390146723222,-138.3822869646087
7.511078912,0.9999575225678943,-138.53254776004874
7.513984512,0.9999785380596177,-138.68312298043293
7.516890624,1.0000008933304823,-138.83395180834822
7.519796736,1.0000230610867091,-138.98517403008282
7.522702336,1.0000437940147502,-139.1366629845186
7.525608448,1.0000617384325288,-139.28845539185366
7.52851456,1.0000757273719514,-139.4405032385667
7.53142016,1.0000849558977463,-139.59269213029202
7.534326272,1.0000888912094386,-139.7449940136134
7.537231872,1.000087136672011,-139.89733442921633
7.540137984,1.000079954473488,-140.0496090958752
7.543044096,1.0000676711065273,-140.20171313402474
7.545949696,1.0000510876521334,-140.35366249096322
7.548855808,1.0000311549808478,-140.50533352481594
7.55176192,1.0000093192453903,-140.6567058273799
7.55466752,0.9999868052404906,-140.80777878339842
7.557573632,0.9999649728038699,-140.95850893758157
7.560479232,0.9999452873330118,-141.10895816871619
7.563385344,0.9999288731496527,-141.25913623256702
7.566291456,0.9999168493431975,-141.40915674849882
7.569197056,0.999909865397022,-141.55903622342615
7.572103168,0.9999084902372036,-141.70879133702195
7.57500928,0.9999127579216015,-141.85862700127615
7.57791488,0.9999223286886575,-142.00855633764533
7.580820992,0.9999367043470226,-142.1586936223299
7.583726592,0.9999549553220707,-142.30900822852064
7.586632704,0.9999759629902254,-142.45966874856936
7.589538816,0.9999984270571086,-142.61060730643035
7.592444416,1.0000208905346875,-142.7618749381
7.595350528,1.0000420381343196,-142.91350788641276
7.59825664,1.0000604809191618,-143.06539021186094
7.60116224,1.0000751096979053,-143.21752634118204
7.604068352,1.0000849875926185,-143.36982232024408
7.606974464,1.000089487207986,-143.52222836855316
7.609880064,1.0000882922818524,-143.6746874129557
7.612786176,1.0000815997567083,-143.82708415938507
7.615691776,1.000069655071825,-143.97934411699507
7.618597888,1.0000534170536808,-144.13139327451498
7.621504,1.0000336125842197,-144.2832153407201
7.6244096,1.0000117074255108,-144.43471061701928
7.627315712,0.9999888628642726,-144.5859135112625
7.630221824,0.9999668029479916,-144.73680078950326
7.633127424,0.9999465091942261,-144.8873726961673
7.636033536,0.9999295934788011,-145.03766662766523
7.638939136,0.9999168812722334,-145.18776643385863
7.641845248,0.9999093600451139,-145.3377072907763
7.64475136,0.9999073944419121,-145.48759431403727
7.64765696,0.9999110938623854,-145.63750094980975
7.650563072,0.999920167280976,-145.7875050945943
7.653469184,0.9999342247502648,-145.9376639321831
7.656374784,0.999952324984581,-146.0880338045238
7.659280896,0.9999733376805264,-146.23872559266363
7.662186496,0.9999959022119311,-146.38973057939455
7.665092608,1.0000186582705977,-146.5410655057948
7.66799872,1.000040291407052,-146.69268825913
7.67090432,1.0000591920877189,-146.8446202094614
7.673810432,1.000074459204681,-146.99685292576143
7.676716544,1.0000848987305528,-147.1492092416011
7.679622144,1.000090102294223,-147.30170516928032
7.682528256,1.000089539038187,-147.45423492316854
7.685433856,1.0000833357311711,-147.60673385531408
7.688339968,1.0000718821429684,-147.75908662909941
7.69124608,1.0000557655410407,-147.91125405801554
7.69415168,1.0000361141594711,-148.06313971547712
7.697057792,1.0000141724072136,-148.21476372710984
7.699963904,0.9999911655507329,-148.3660564029397
7.702869504,0.9999687114089375,-148.51703360470168
7.705775616,0.9999479968791049,-148.66765908623861
7.708681216,0.9999305499590346,-148.81804765298395
7.711587328,0.9999172059594474,-148.96822879318438
7.71449344,0.9999089992987301,-149.11820628688812
7.71739904,0.999906374168995,-149.26815387920647
7.720305152,0.9999095525615609,-149.4180817154228
7.723211264,0.9999182157592212,-149.56812017574944
7.726116864,0.9999319198971302,-149.71827222728444
7.729022976,0.9999497600748964,-149.86869554780486
7.731928576,0.9999707780433489,-150.0193583383412
7.734834688,0.999993444097508,-150.17038204396317
7.7377408,1.0000165060999424,-150.32170475128981
7.7406464,1.0000384711262122,-150.47337169279066
7.743552512,1.0000579411850474,-150.62534363355758
7.746458624,1.0000737936626414,-150.77754627055603
7.749364224,1.0000849555057998,-150.9299627252029
7.752270336,1.0000907290704582,-151.08249514583292
7.755175936,1.0000907825065934,-151.23506989324
7.758082048,1.0000850649376356,-151.3876110868241
7.76098816,1.0000739827036211,-151.5400575238683
7.76389376,1.000058221341617,-151.69225199787888
7.766799872,1.0000386916215143,-151.8442267207925
7.769705984,1.0000167532925464,-151.9959146718776
7.772611584,0.9999935427573832,-152.14724160451496
7.775517696,0.9999706568807146,-152.29826447768156
7.778423296,0.9999495857529466,-152.44894139366497
7.781329408,0.9999314946422805,-152.59937592269378
7.78423552,0.9999175581302899,-152.7495899647003
7.78714112,0.9999087167651884,-152.8995938898234
7.790047232,0.9999055133695003,-153.04951037853132
7.792953344,0.9999080468708724,-153.19946167117857
7.795858944,0.999916228409347,-153.34945689636842
7.798765056,0.9999295604026774,-153.49963661724425
7.801670656,0.9999472946360214,-153.64998900665168
7.804576768,0.9999682051582962,-153.8006586553962
7.80748288,0.9999910188007431,-153.95165956657922
7.81038848,1.000014306456321,-154.10294705855608
7.813294592,1.0000366427591507,-154.2545781285315
7.816200704,1.0000566373431958,-154.40651286749863
7.819106304,1.0000730437667418,-154.55872581028927
7.822012416,1.0000848505917999,-154.71112322623856
7.824918016,1.0000912552765424,-154.86367280517726
7.827824128,1.0000919467555225,-155.01624112424847
7.83073024,1.0000868492066937,-155.1688090981621
7.83363584,1.0000761545663948,-155.3212502171762
7.836541952,1.0000606730304573,-155.47350530560902
7.839448064,1.0000413460413016,-155.62548838729293
7.842353664,1.0000192987745447,-155.7771873237679
7.845259776,0.9999959509840022,-155.92857630535815
7.848165888,0.9999727898523985,-156.0796024619993
7.851071488,0.9999511776375982,-156.23031172575753
7.8539776,0.9999325806012976,-156.38073668078275
7.8568832,0.9999179908601908,-156.53089521393605
7.859789312,0.9999084944947924,-156.68089610902712
7.862695424,0.9999045907725386,-156.8308158960348
7.865601024,0.9999065839062646,-156.9806978776387
7.868507136,0.9999142474377528,-157.13067593984172
7.871413248,0.9999271905058978,-157.28076848006714
7.874318848,0.9999446190376255,-157.43107690531048
7.87722496,0.9999655163428187,-157.58169184329745
7.88013056,0.9999883892152952,-157.73259331413075
7.883036672,1.00001193500225,-157.88381653224414
7.885942784,1.000034670012803,-158.0353876462985
7.888848384,1.000055193139141,-158.18728583984154
7.891754496,1.000072251495257,-158.33942297817939
7.894660608,1.0000847126701196,-158.49175701451668
7.897566208,1.000091774377088,-158.64429084853205
7.90047232,1.0000929992439156,-158.7968418618461
7.90337792,1.0000884222575304,-158.94936146334422
7.906284032,1.0000782629589677,-159.10178152254707
7.909190144,1.0000630247981717,-159.25402743090135
7.912095744,1.0000438112012444,-159.4060082966575
7.915001856,1.0000217778266087,-159.55771966464536
7.917907968,0.9999982897915487,-159.7090843578048
7.920813568,0.9999747864233224,-159.86008986985337
7.92371968,0.9999527250377962,-160.01075957349926
7.92662528,0.9999334421739859,-160.1611660120104
7.929531392,0.999918304772875,-160.31128695469283
7.932437504,0.9999081194428625,-160.46124024218568
7.935343104,0.9999035281960257,-160.61107067705342
7.938249216,0.9999049404127647,-160.7608829696536
7.941155328,0.9999120882133525,-160.9107298185169
7.944060928,0.9999247002700753,-161.0607504781363
7.94696704,0.9999418258652247,-161.2109804215188
7.94987264,0.999962642145052,-161.3614778561187
7.952778752,0.9999855555370563,-161.51226310197993
7.955684864,1.0000094487530662,-161.66339519632078
7.958590464,1.0000325504958516,-161.81486382597276
7.961496576,1.000053567463292,-161.96665255482984
7.964402688,1.0000712015743154,-162.11867933683664
7.967308288,1.0000842399673202,-162.27097950281973
7.9702144,1.00009203243989,-162.42340938441865
7.97312,1.000093957550664,-162.57588399765686
7.976026112,1.0000899838106851,-162.72837960661863
7.978932224,1.0000802553853938,-162.8807345416153
7.981837824,1.0000654127194137,-163.032910492676
7.984743936,1.0000463515860727,-163.1848661607635
7.987650048,1.0000243102514028,-163.33649261888704
7.990555648,1.0000007201391021,-163.48781914695684
7.99346176,0.9999768185901605,-163.63876756935954
7.99636736,0.9999543232943496,-163.789418342414
7.999273472,0.9999345783701283,-163.93971830496466
8.002179584,0.9999187887767139,-164.0897516420213
8.005085184,0.9999079307513784,-164.2396262518512
8.007991296,0.9999027285292774,-164.38935289032793
8.010897408,0.9999034892358407,-164.53904154321415
8.013803008,0.9999101220808876,-164.68879898801782
8.01670912,0.9999223421710918,-164.8386597289773
8.01961472,0.9999392696761188,-164.98876058017717
8.022520832,0.9999599936660928,-165.13911787837324
8.025426944,0.9999829891849575,-165.2897621763352
8.028332544,1.0000071311885816,-165.4407466908044
8.031238656,1.0000306277310282,-165.59207040356944
8.034144768,1.0000521755973417,-165.74372025111853
8.037050368,1.000070437109497,-165.8956632712239
8.03995648,1.0000841758886638,-166.04782840136426
8.04286208,1.000092540861894,-166.20010964748178
8.045768192,1.0000951485243512,-166.3524891550912
8.048674304,1.0000917613210065,-166.50491361704982
8.051579904,1.0000824811522908,-166.65717143462294
8.054486016,1.0000680121080312,-166.80928315503917
8.057392128,1.000049210947171,-166.9611411687468
8.060297728,1.0000271099061606,-167.11271083227228
8.06320384,1.0000032980042484,-167.2638915019978
8.066109952,0.9999791708382201,-167.41478314340935
8.069015552,0.9999562767005034,-167.56532306940377
8.071921664,0.9999358967706522,-167.7155309652726
8.074827264,0.9999195082958358,-167.86543946105158
8.077733376,0.999907879652866,-168.01517459825186
8.080639488,0.9999021049285448,-168.1647792206981
8.083545088,0.9999021087648917,-168.31431818218255
8.0864512,0.9999082854666504,-168.46391576109394
8.089357312,0.9999200104515011,-168.6136290986221
8.092262912,0.9999366204226154,-168.76352994246795
8.095169024,0.999957189640767,-168.91371778767754
8.098074624,0.9999803194090133,-169.06418636570163
8.100980736,1.0000046017123347,-169.21500577934756
8.103886848,1.0000285568373406,-169.36616180915132
8.106792448,1.0000505945302023,-169.5176182952318
8.10969856,1.0000694081387524,-169.66938214249924
8.112604672,1.0000837901287225,-169.82137186816493
8.115510272,1.0000929688329936,-169.97357633737087
8.118416384,1.0000961886804531,-170.12579964773053
8.121321984,1.0000933737453301,-170.27805174869496
8.124228096,1.0000845843419017,-170.4301941641125
8.127134208,1.0000704558604852,-170.5821520692813
8.130039808,1.0000517513646228,-170.7339276873623
8.13294592,1.0000297979092168,-170.88536452617703
8.135852032,1.0000057885427778,-171.03645297964684
8.138757632,0.9999813171747866,-171.18721219765837
8.141663744,0.9999579996617513,-171.33758537661666
8.144569344,0.9999371056142177,-171.4876663810952
8.147475456,0.9999199764063977,-171.6374331224617
8.150381568,0.9999077098700394,-171.78700565301594
8.153287168,0.9999011695197357,-171.93643660579318
8.15619328,0.9999006829228424,-172.08577978302952
8.159099392,0.9999061688637968,-172.23518892712715
8.162004992,0.9999175297120939,-172.38470807458265
8.164911104,0.9999339058391837,-172.53437639473162
8.167816704,0.9999543510042255,-172.68435597462718
8.170722816,0.999977465065501,-172.83461923724613
8.173628928,1.000001997811164,-172.98520721474083
8.176534528,1.0000262275599596,-173.13613259402018
8.17944064,1.0000488103126068,-173.2874017573514
8.182346752,1.0000682447800147,-173.4389813416838
8.185252352,1.000083386029015,-173.5907763898068
8.188158464,1.000093172842776,-173.74276501306778
8.191064064,1.0000970704928216,-173.89483436546107
8.193970176,1.0000948409234613,-174.04689486947083
8.196876288,1.0000866943525875,-174.19889884786224
8.199781888,1.000072878154764,-174.35073698812167
8.202688,1.0000544191269376,-174.502322667269
8.205594112,1.00003252215057,-174.6535962448042
8.208499712,1.0000083761986815,-174.8045380260587
8.211405824,0.9999836460889416,-174.95512700446685
8.214311424,0.9999599091882937,-175.1053570244134
8.217217536,0.9999383545466494,-175.2552405456373
8.220123648,0.9999206044391078,-175.40486581272657
8.223029248,0.9999076547438511,-175.55422088439482
8.22593536,0.9999004345551274,-175.70343379712892
8.228841472,0.9998992649377026,-175.85256434200076
8.231747072,0.9999042650637071,-176.00174872531397
8.234653184,0.9999150679286127,-176.15099872749136
8.237558784,0.9999312010628923,-176.3004748249769
8.240464896,0.9999515161571467,-176.4501618105952
8.243371008,0.9999746716308853,-176.60017153239278
8.246276608,0.9999993806052578,-176.75052203772623
8.24918272,1.000023978523421,-176.90119335277276
8.252088832,1.0000471605354857,-177.05222722080947
8.254994432,1.0000671252741316,-177.2035577178436
8.257900544,1.0000829480523656,-177.35512773009947
8.260806144,1.000093445452192,-177.5068931395526
8.263712256,1.0000981124910606,-177.65876774492182
8.266618368,1.0000965125956818,-177.81062826291495
8.269523968,1.0000887384507662,-177.9624226418106
8.27243008,1.0000753183726134,-178.114049855422
8.275336192,1.000057164884544,-178.26543550939445
8.278241792,1.0000353383438414,-178.41654001888296
8.281147904,1.0000111339277695,-178.567314411824
8.284053504,0.9999860176263883,-178.71770615575554
8.286959616,0.9999617834071863,-178.86771994730657
8.289865728,0.9999397897536483,-179.01742311587017
8.292771328,0.9999214288494553,-179.1667980756941
8.29567744,0.9999077654017304,-179.31595287880984
8.298583552,0.9998998365396875,-179.46491982458375
8.301489152,0.999897961789726,-179.61380166506567
8.304395264,0.9999023608190821,-179.7626938319861
8.307301376,0.9999128535170065,-179.91169367828064
8.310206976,0.9999285018675061,179.9391518059761
8.313113088,0.9999486204720928,179.78971037072333
8.316018688,0.9999718784568942,179.639978133851
8.3189248,0.9999967129852936,179.48991487243683
8.321830912,1.0000217969850236,179.3395302410867
8.324736512,1.0000453426416582,179.18876116278432
8.327642624,1.0000660004098254,179.0377151586908
8.330548736,1.0000824888956157,178.88641542973613
8.333454336,1.0000936916346272,178.7349091992962
8.336360448,1.0000990007046298,178.5832874389162
8.339266048,1.0000980734479115,178.43167384329803
8.34217216,1.0000908320194692,178.2800975843285
8.345078272,1.0000778499058611,178.12869055695745
8.347983872,1.0000599623429636,177.97750742942907
8.350889984,1.000038101702786,177.82662124638256
8.353796096,1.0000138476592833,177.67609894936157
8.356701696,0.9999885752783803,177.5259468765536
8.359607808,0.9999638051400469,177.37613798084158
8.362513408,0.9999411990151524,177.2266967385854
8.36541952,0.999922206491451,177.0775469261904
8.368325632,0.9999079843885631,176.9286857833243
8.371231232,0.9998992084969399,176.7799938090317
8.374137344,0.9998966000407853,176.63138705563628
8.377043456,0.9999004878597443,176.48277244433996
8.379949056,0.9999103395960897,176.33409472782952
8.382855168,0.9999257176417614,176.18522571807898
8.385760768,0.9999457655947452,176.03610625948082
8.38866688,0.9999688596966696,175.88672548527703
8.391572992,0.9999939345956795,175.73696562769996
8.394478592,1.0000193297836921,175.58689993961
8.397384704,1.000043387118947,175.43646069644623
8.400290816,1.0000646661495254,175.28568593037943
8.403196416,1.0000818514998586,175.1346849667632
8.406102528,1.0000938462310422,174.98348866607583
8.409008128,1.000099845039335,174.83212832087244
8.41191424,1.0000995733063394,174.6807833382669
8.414820352,1.0000927929278665,174.52948368046938
8.417725952,1.0000803375794356,174.37832915341002
8.420632064,1.0000626017705994,174.22738675052773
8.423538176,1.0000409793125704,174.076793679211
8.426443776,1.000016569139067,173.9265103614154
8.429349888,0.9999909764396389,173.77658217637816
8.432255488,0.9999658357729119,173.6270668962355
8.4351616,0.9999427298365479,173.47789368223476
8.438067712,0.999922924866867,173.32903643240758
8.440973312,0.9999079216998547,173.1804460117679
8.443879424,0.9998985283726112,173.03206539478302
8.446785536,0.9998954033711596,172.88377364671805
8.449691136,0.9998985050034978,172.73550477559945
8.452597248,0.9999079392461008,172.58713307489583
8.455502848,0.9999230215923246,172.4386244844865
8.45840896,0.999942779421611,172.28989098985394
8.461315072,0.9999660181247503,172.14081798930502
8.464220672,0.9999912349562735,171.99144875444043
8.467126784,1.0000169712904374,171.84168462229027
8.470032896,1.00004154242734,171.69161641673784
8.472938496,1.000063414429471,171.54119984005328
8.475844608,1.0000812885328862,171.3905090552992
8.478750208,1.0000939723903493,171.239617612056
8.48165632,1.0001006975719484,171.08859274326625
8.484562432,1.0001010530055991,170.93754175446816
8.487468032,1.0000949463294864,170.78651603136547
8.490374144,1.0000828569166864,170.63567968651412
8.493280256,1.0000654640831717,170.48503574234547
8.496185856,1.0000438824429558,170.33470535040328
8.499091968,1.0000194299797283,170.18471555321227
8.501997568,0.9999935834250114,170.03508025159266
8.50490368,0.9999680800054046,169.8858464261025
8.507809792,0.9999443380168714,169.7369686519967
8.510715392,0.9999240361765732,169.58843713431327
8.513621504,0.9999081986084758,169.44018395715136
8.516527616,0.9998980680257382,169.2921344901681
8.519433216,0.9998941433792535,169.14416913316282
8.522339328,0.9998967023944161,168.99625808203643
8.52524544,0.9999055802355721,168.84829005149135
8.52815104,0.9999203576216021,168.70014529721473
8.531057152,0.9999399331587695,168.55176536168074
8.533962752,0.99996316986771,168.40308710645675
8.536868864,0.9999885080891803,168.25408253217182
8.539774976,1.0000145990899625,168.10474961748423
8.542680576,1.0000395661830594,167.95503105123802
8.545586688,1.000062069319266,167.80495525925048
8.5484928,1.000080636201116,167.65464699806202
8.5513984,1.0000940743827185,167.50412027893825
8.554304512,1.0001015326980176,167.35344092044556
8.557210112,1.0001024443378652,167.20272271776298
8.560116224,1.0000969444465757,167.05203608018496
8.563022336,1.0000853850474107,166.90148524305903
8.565927936,1.000068279618414,166.75117534791357
8.568834048,1.000046718626004,166.6011568156328
8.57174016,1.0000222271206023,166.45147721318645
8.57464576,0.9999960952927535,166.30216606882266
8.577551872,0.9999701493351668,166.15324200343647
8.580457472,0.9999458794639557,166.00471647388588
8.583363584,0.9999248808817907,165.85653558016446
8.586269696,0.9999083638733987,165.70861065391182
8.589175296,0.9998974047601069,165.56092823977738
8.592080896,0.9998927941649528,165.41336269822173
8.594987008,0.9998947806080818,165.2658447988243
8.59789312,0.9999030407526918,165.11824531842208
8.600799232,0.9999174411836306,164.97051786516087
8.603705344,0.9999367163321791,164.82256993165322
8.606611456,0.9999598790063888,164.67430529375258
8.609516544,0.99998556563489,164.52573429566405
8.612422656,1.0000118525087254,164.3767653169439
8.615328768,1.0000374223189112,164.22746239858404
8.61823488,1.0000605690867521,164.07781513540004
8.621140992,1.0000798150107766,163.9278904468776
8.62404608,1.0000939749325066,163.77773097142838
8.626952192,1.0001021823981366,163.62744817528596
8.629858304,1.0001038893534937,163.47708750891107
8.632764416,1.0000989678033199,163.32675490826563
8.635670528,1.0000877801919004,163.17657755288445
8.638575616,1.0000709902592768,163.02658677470274
8.641481728,1.0000496846772242,162.87689692892422
8.64438784,1.0000251514532426,162.72755905774176
8.647293952,0.9999988654635138,162.5785891537974
8.650200064,0.9999723606623565,162.43006076093044
8.653106176,0.9999476491233062,162.28188167181548
8.656011264,0.9999258413557187,162.1340461883315
8.658917376,0.9999086974092476,161.9865344232191
8.661823488,0.9998971048298136,161.83921760561637
8.6647296,0.9998917058987878,161.69209011080835
8.667635712,0.999893079252607,161.54496362100846
8.6705408,0.9999007749228399,161.39778823743157
8.673446912,0.9999146853296591,161.25047880287113
8.676353024,0.9999338374794234,161.10298155912227
8.679259136,0.9999568802136222,160.9551495976047
8.682165248,0.9999827404515698,160.80701200648772
8.685070336,1.000009418643489,160.6585207869134
8.687976448,1.0000354561904838,160.50964297164725
8.69088256,1.0000591343503222,160.36042810270357
8.693788672,1.000079203212035,160.21090911607192
8.696694784,1.0000940766691546,160.06118033339192
8.699600896,1.0001030802278223,159.91126911901037
8.702505984,1.0001054336129442,159.76131675400072
8.705412096,1.0001012471217585,159.6113815522605
8.708318208,1.0000904563218058,159.46155666633425
8.71122432,1.0000739137596417,159.31194812972126
8.714130432,1.0000527651890112,159.16263461225878
8.71703552,1.000028122015751,159.0136603077289
8.719941632,1.0000015896980938,158.86509037252236
8.722847744,0.9999748338494161,158.7168862605951
8.725753856,0.9999494404486161,158.56912588673183
8.728659968,0.9999270567171101,158.42169149813728
8.731565056,0.9999091434595637,158.27457922508628
8.734471168,0.9998967103014844,158.12770389745637
8.73737728,0.999890582396535,157.98099104434684
8.740283392,0.9998912498212336,157.8343161312686
8.743189504,0.9998983752200029,157.68761061398715
8.746095616,0.9999120189743665,157.54076129273875
8.749000704,0.9999308109990916,157.39370363627026
8.751906816,0.9999539187859909,157.24635346860182
8.754812928,0.9999797287617683,157.09869027016435
8.75771904,1.0000067467848703,156.95065084444423
8.760625152,1.0000333338088285,156.80225271936473
8.76353024,1.0000575828039884,156.65348728343452
8.766436352,1.0000782301510356,156.50443150393343
8.769342464,1.0000939335813017,156.3551189401182
8.772248576,1.0001036151708353,156.2056656677059
8.775154688,1.000106774408516,156.05611826171966
8.7780608,1.0001031419900068,155.9065758921192
8.780965888,1.0000929247680208,155.7571578113836
8.783872,1.0000768598631387,155.60797150389396
8.786778112,1.000055807874208,155.45903293254753
8.789684224,1.0000311037653302,155.31047077086302
8.792590336,1.0000042777417617,155.16229801148526
8.795495424,0.9999770123213794,155.01451763680276
8.798401536,0.9999511167205396,154.86715026598486
8.801307648,0.9999282236450151,154.7201506007911
8.80421376,0.9999094794138881,154.5734702906104
8.807119872,0.9998963327291771,154.4270185956834
8.81002496,0.9998894569261595,154.28073684827166
8.812931072,0.9998893084626937,154.13456235258175
8.815837184,0.9998960208990069,153.98834732687854
8.818743296,0.9999090532795722,153.84198713143533
8.821649408,0.9999277142908949,153.69542726768293
8.82455552,0.9999506824840746,153.54860221846357
8.827460608,0.9999767154918765,153.40139987921978
8.83036672,1.0000040770088734,153.25384936710253
8.833272832,1.000031013769008,153.10596501086695
8.836178944,1.000055970862757,152.95766243905118
8.839085056,1.0000774122448768,152.80911751226608
8.841990144,1.0000938925165366,152.6602685066295
8.844896256,1.0001042495111006,152.5112226085194
8.847802368,1.000108156457573,152.36216204428467
8.85070848,1.0001051218547083,152.21304871403558
8.853614592,1.0000953817611908,152.0640651808806
8.85651968,1.0000796755614283,151.91530025266576
8.859425792,1.000058763624837,151.76679589325184
8.862331904,1.000034006649608,151.6186521786655
8.865238016,1.0000070637466887,151.47088659173525
8.868144128,0.9999794379576593,151.3235478622637
8.87105024,0.9999530899997016,151.17660872722024
8.873955328,0.9999293574308279,151.03004463507128
8.87686144,0.9999099441941877,150.88382969343425
8.879767552,0.9998959768960508,150.7378518092324
8.882673664,0.9998882567076797,150.59209032451452
8.885579776,0.9998875859961426,150.4463522047209
8.888484864,0.9998936364620173,150.3006584553186
8.891390976,0.9999062610142306,150.1547918271235
8.894297088,0.9999246319037363,150.00876358534265
8.8972032,0.9999476018930162,149.86245941658757
8.900109312,0.9999736987078539,149.71579826366525
8.9030144,1.0000012840320378,149.56874955711936
8.905920512,1.000028824414241,149.42138626382257
8.908826624,1.0000543631405823,149.2736194652338
8.911732736,1.0000764138197862,149.12552184816712
8.914638848,1.0000935994796663,148.97717339519545
8.91754496,1.0001049485555642,148.8286398625015
8.920450048,1.000109475235428,148.68000631893048
8.92335616,1.0001072289952075,148.53137006122316
8.926262272,1.000098003129144,148.38284406680617
8.929168384,1.0000824897228875,148.2345015202073
8.932074496,1.0000618990215755,148.0864510937052
8.934979584,1.0000371127709706,147.9387467982819
8.937885696,1.0000099948147707,147.7914426685496
8.940791808,0.9999819360324422,147.64455279343343
8.94369792,0.9999549511279299,147.4980866184329
8.946604032,0.9999305858612408,147.3519889548949
8.94950912,0.9999104383057997,147.20623959246603
8.952415232,0.9998957044649391,147.06077977364734
8.955321344,0.9998873669708412,146.9155023127829
8.958227456,0.999885867175582,146.77031222242726
8.961133568,0.9998913150220103,146.62510162223683
8.96403968,0.9999034789651674,146.47981865262526
8.966944768,0.9999215243668428,146.33429766894676
8.96985088,0.9999444094914295,146.18851556178743
8.972756992,0.9999706025777327,146.04242953873987
8.975663104,0.9999986512268676,145.8959533191875
8.978569216,1.0000265420672074,145.74908469965797
8.981474304,1.000052717813117,145.6018547017198
8.984380416,1.0000755851279717,145.4542839097606
8.987286528,1.0000935130996547,145.30644874537617
8.99019264,1.0001055207563856,145.15841782438798
8.993098752,1.0001109026822186,145.0102832170387
8.996004864,1.0001092687810378,144.86213325088798
8.998909952,1.0001005675105674,144.71407458352326
9.001816064,1.0000855869971268,144.56621534456863
9.004722176,1.0000650403955789,144.41864508768325
9.007628288,1.0000403282791472,144.2713860607905
9.0105344,1.0000129694867375,144.1245507246362
9.013439488,0.9999845413418329,143.97814173270947
9.0163456,0.9999571261014119,143.83212885664364
9.019251712,0.9999319966957806,143.68652931836502
9.022157824,0.9999110335130537,143.5412850188369
9.025063936,0.9998955204148525,143.39635141315117
9.027969024,0.9998863284335657,143.25158570460925
9.030875136,0.9998841149218809,143.10693781460608
9.033781248,0.999888977940858,142.9622821270237
9.03668736,0.999900713717378,142.81751757981098
9.039593472,0.9999184859793315,142.67259188702818
9.042499584,0.999941229777874,142.52738587959672
9.045404672,0.9999675407308747,142.38184577419963
9.048310784,0.9999957475058385,142.23592628898425
9.051216896,1.000024197050495,142.0896248943041
9.054123008,1.000050963391216,141.9429691796726
9.05702912,1.0000745650428555,141.79593631359242
9.059934208,1.0000933130209837,141.64862796795683
9.06284032,1.0001062167008,141.50114253930766
9.065746432,1.0001122486727596,141.35350262218836
9.068652544,1.0001113027633617,141.20586043740556
9.071558656,1.0001031650356322,141.05832491335454
9.074463744,1.000088468909786,140.91092203206236
9.077369856,1.0000682437404391,140.76383359210348
9.080275968,1.0000434358696162,140.6170894445502
9.08318208,1.000015857374781,140.4707346467508
9.086088192,0.9999870212806231,140.32479264249605
9.088994304,0.9999589859036979,140.17928735185907
9.091899392,0.9999333411519489,140.0342171621563
9.094805504,0.9999115695944178,139.88950920753538
9.097711616,0.9998953524276134,139.74507363752397
9.100617728,0.9998852897238623,139.6008532846729
9.10352384,0.9998823017708245,139.45677056440255
9.106428928,0.9998866003571977,139.31268130873733
9.10933504,0.9998978031831794,139.16851913349564
9.112241152,0.9999152284402737,139.02417027490236
9.115147264,0.9999378503875427,138.8795341055787
9.118053376,0.9999642389575263,138.73458359760667
9.120958464,0.999992748094716,138.58924329617346
9.123864576,1.0000216884624502,138.44354343148223
9.126770688,1.0000491390602968,138.2974559307852
9.1296768,1.0000734338220592,138.15099190978316
9.132582912,1.00009297986016,138.0042434697972
9.135489024,1.0001066076984633,137.85727389479933
9.138394112,1.0001134769044127,137.71020043142812
9.141300224,1.0001131418214098,137.56307832144216
9.144206336,1.0001056138771305,137.41602424216623
9.147112448,1.0000913986439193,137.26916820796475
9.15001856,1.0000713212758583,137.12258424067707
9.152923648,1.0000466146634528,136.9763460349665
9.15582976,1.000018841152058,136.83046217296638
9.158735872,0.9999897386317309,136.6850409239355
9.161641984,0.9999610556871451,136.5400755931712
9.164548096,0.9999346572799145,136.3955337842139
9.167453184,0.9999121540223707,136.25136518997738
9.170359296,0.9998949823146893,136.107477160126
9.173265408,0.9998842649448577,135.9638023440644
9.17617152,0.9998806003029546,135.8203203688605
9.179077632,0.999884208610036,135.67679408795598
9.181983744,0.9998949254491516,135.53321616431683
9.184888832,0.9999120718597827,135.38949242466725
9.187794944,0.9999346010679254,135.2454583745212
9.190701056,0.9999609944447424,135.1011035426274
9.193607168,0.9999897779186878,134.95639484666236
9.19651328,1.0000191468724227,134.8112886261501
9.199418368,1.000047300197598,134.66578363216013
9.20232448,1.0000722643449746,134.51990644482126
9.205230592,1.0000925613210478,134.3737117588688
9.208136704,1.000107065018441,134.22732851495624
9.211042816,1.0001148217858056,134.08078855039145
9.213948928,1.0001151762466496,133.93422488146075
9.216854016,1.0001081517095447,133.78769369747297
9.219760128,1.0000944384364774,133.6413463184432
9.22266624,1.000074548561456,133.49529560657734
9.225572352,1.0000498216845268,133.34956193420004
9.228478464,1.0000218475171359,133.2042418288935
9.231383552,0.9999924619879919,133.0593438831519
9.234289664,0.9999632253021536,132.91491103497177
9.237195776,0.9999362042672897,132.770913370614
9.240101888,0.9999129567788635,132.62727503157942
9.243008,0.9998949366573094,132.48396427537165
9.245913088,0.9998832734279215,132.34088887384314
9.2488192,0.9998788356011391,132.19798548369798
9.251725312,0.999881889158022,132.05507578864467
9.254631424,0.9998919797467607,131.91210749583252
9.257537536,0.9999088289952563,131.76898747451565
9.260443648,0.9999312098973092,131.62557563856421
9.263348736,0.999957730724006,131.4818684589471
9.266254848,0.9999868058151407,131.33777135675297
9.26916096,1.0000167263862763,131.1932730176076
9.272067072,1.0000452580794186,131.0483784044514
9.274973184,1.0000710456440625,130.9030971990105
9.277878272,1.000092257246191,130.7575113139514
9.280784384,1.0001075184356658,130.61169637432675
9.283690496,1.0001160747439841,130.4657276341048
9.286596608,1.0001171485072617,130.31971618191386
9.28950272,1.0001108629633848,130.17375044089235
9.292407808,1.0000975023540897,130.0279416021653
9.29531392,1.000077857775277,129.88241585911683
9.298220032,1.0000531875064602,129.73723215130522
9.301126144,1.0000250227279095,129.592432308625
9.304032256,0.999995211647358,129.44809242247467
9.306938368,0.999965458632686,129.30419428538073
9.309843456,0.9999376971502835,129.1607365769408
9.312749568,0.9999136885817845,129.01767435519264
9.31565568,0.9998948206623353,128.87496377357533
9.318561792,0.999882356738553,128.73247591012688
9.321467904,0.9998771620546393,128.5901673455579
9.324372992,0.9998795016060028,128.44789634230835
9.327279104,0.9998891113878597,128.30556379685726
9.330185216,0.9999056343379575,128.1630624068918
9.333091328,0.9999278708417715,128.0203102648904
9.33599744,0.9999544685264965,127.87722359063648
9.338902528,0.9999838160590945,127.73376452706034
9.34180864,1.0000140945826477,127.58989512926102
9.344714752,1.000043392393962,127.44561948814112
9.347620864,1.000069837854816,127.3009774384263
9.350526976,1.0000918014187041,127.15599261032382
9.353433088,1.0001081062745907,127.01077911494185
9.356338176,1.0001173169537951,126.86539229859754
9.359244288,1.0001191299491687,126.71994009431891
9.3621504,1.0001134122573527,126.57453917964834
9.365056512,1.0001005225550375,126.42930569680397
9.367962624,1.000081122198728,126.28434663580977
9.370867712,1.0000565386666467,126.13968997822445
9.373773824,1.000028224851855,125.99545614328798
9.376679936,0.9999979904291388,125.85166228798502
9.379586048,0.9999677872368197,125.70832065479824
9.38249216,0.9999392324138681,125.56544145813567
9.385397248,0.9999144562514944,125.42297715011964
9.38830336,0.9998946798762136,125.28083074234131
9.391209472,0.9998815206494196,125.138978355269
9.394115584,0.9998754281576773,124.99727727459607
9.397021696,0.9998770410867027,124.85562843493933
9.399927808,0.9998862616190086,124.71395475213052
9.402832896,0.999902322427664,124.57209822009322
9.405739008,0.9999243557026627,124.42999239943207
9.40864512,0.9999510398010134,124.28755548768054
9.411551232,0.9999806763340564,124.14474490032971
9.414457344,1.0000114436117917,124.00153038474203
9.417362432,1.0000412955296907,123.85791003885433
9.420268544,1.0000685831455447,123.7138656064282
9.423174656,1.0000913736789545,123.56954451654173
9.426080768,1.000108368046904,123.4249085372791
9.42898688,1.0001184796763571,123.28012332349785
9.431892992,1.0001212060737994,123.13524529516853
9.43479808,1.0001161284085067,122.99043292568444
9.437704192,1.0001036457789476,122.84576843675259
9.440610304,1.0000844217381928,122.70134025148309
9.443516416,1.0000599047130674,122.55726462786969
9.446422528,1.0000314873235543,122.41357906321032
9.449327616,1.000000839190697,122.2703923976162
9.452233728,0.9999700333934672,122.12762182020235
9.45513984,0.9999409164768567,121.98533124359429
9.458045952,0.9999153442417409,121.84343215259807
9.460952064,0.999894718148816,121.70192999049455
9.463857152,0.9998806363381149,121.5606797476046
9.466763264,0.9998737329067829,121.41962797550661
9.469669376,0.9998746818131955,121.27861262094908
9.472575488,0.9998831689557784,121.13758700128244
9.4754816,0.9998989792053271,120.99637363622524
9.478387712,0.9999208909214805,120.8549418481884
9.4812928,0.999947580466669,120.71319640228532
9.484198912,0.9999775146480423,120.57105295046642
9.487105024,1.000008675934797,120.4284787268201
9.490011136,1.00003916930605,120.28551895811809
9.492917248,1.000067185142333,120.14213174327368
9.495822336,1.0000909318973226,119.99841178233905
9.498728448,1.0001087848372605,119.85440927791443
9.50163456,1.0001198048269206,119.71021563673213
9.504540672,1.0001231224481986,119.56597190425046
9.507446784,1.0001187019492879,119.4217320594661
9.510351872,1.0001067231134064,119.27762894569548
9.513257984,1.00008788916443,119.13379564135838
9.516164096,1.0000633992915993,118.99029254979897
9.519070208,1.0000348126636183,118.84717688579302
9.52197632,1.000003779137995,118.70453866433652
9.524882432,0.9999723957080938,118.56237472635297
9.52778752,0.9999426224464377,118.42067574024905
9.530693632,0.9999161268167905,118.27938052115753
9.533599744,0.9998948093740011,118.13850335400468
9.536505856,0.9998797236685381,117.99789579303845
9.539411968,0.9998720892827242,117.85746174799237
9.542317056,0.9998722982106655,117.71713123065354
9.545223168,0.9998803175477217,117.5767570040409
9.54812928,0.9998956148677551,117.43622283236202
9.551035392,0.9999173600323379,117.29548116373485
9.553941504,0.9999441681839368,117.15439114348584
9.556846592,0.9999742812439034,117.01292435731764
9.559752704,1.000005996651324,116.87101930717432
9.562658816,1.000037147435344,116.72870371271352
9.565564928,1.0000659084763288,116.58599028870137
9.56847104,1.0000904248840163,116.44291817209235
9.571377152,1.0001092599834802,116.2995438495206
9.57428224,1.0001211200413582,116.1559795217414
9.577188352,1.000125214108527,116.01232010981641
9.580094464,1.000121462470836,115.86868347981354
9.583000576,1.0001098569597402,115.72519058008731
9.585906688,1.0000914325835626,115.58192369931182
9.588811776,1.0000670377208494,115.43900067622995
9.591717888,1.0000382123715557,115.29649035757654
9.594624,1.00000692918348,115.1544203503705
9.597530112,0.9999749542868849,115.0128511813894
9.600436224,0.999944357141998,114.8717532540774
9.603341312,0.9999171500876838,114.73109039792449
9.606247424,0.9998949150318845,114.59082213351417
9.609153536,0.9998789572202172,114.45083184557856
9.612059648,0.9998705355389226,114.31106158621165
9.61496576,0.9998699281643377,114.17138599800036
9.617871872,0.9998772836779236,114.03168561436462
9.62077696,0.9998922141962884,113.89185333105789
9.623683072,0.9999138538801804,113.75178502789397
9.626589184,0.9999406091433135,113.61138920249115
9.629495296,0.9999710422767949,113.47060908286832
9.632401408,1.0000030956724253,113.32938964091879
9.635306496,1.0000349990555075,113.18775517798446
9.638212608,1.000064474088098,113.04571342747161
9.64111872,1.0000899233045575,112.9032580061175
9.644024832,1.0001096108053387,112.76054788815402
9.646930944,1.0001222246912707,112.61759891569842
9.649836032,1.0001272209701766,112.47456863814172
9.652742144,1.0001241263049478,112.3315381276508
9.655648256,1.0001131115372393,112.18863548449049
9.658554368,1.0000948424038534,112.04595296065439
9.66146048,1.000070489964474,111.90363007864883
9.664366592,1.0000416671401067,111.76168976203775
9.66727168,1.0000098788335978,111.62023354330977
9.670177792,0.9999774197777753,111.47925755731636
9.673083904,0.9999461521115564,111.3387707870943
9.675990016,0.9999180810881693,111.1987196236109
9.678896128,0.9998949348508797,111.05909450578346
9.681801216,0.9998782421586128,110.91977058369602
9.684707328,0.9998687673014826,110.78065921155341
9.68761344,0.999867463666649,110.64165016565781
9.690519552,0.9998743549190526,110.50262490907625
9.693425664,0.9998888600118524,110.36347639769888
9.696331776,0.9999101572719646,110.2241063831751
9.699236864,0.9999370645559144,110.08439680634046
9.702142976,0.9999676907912227,109.94432405640477
9.705049088,1.0000002848710265,109.80380440361816
9.7079552,1.000032755709237,109.66283836707714
9.710861312,1.000062993227683,109.52145283479686
9.7137664,1.0000893222417038,109.3796935826763
9.716672512,1.0001099006978391,109.23761039560327
9.719578624,1.0001234444104528,109.09530398317624
9.722484736,1.0001292750749036,108.95288369107817
9.725390848,1.0001267900028818,108.81046382324222
9.728295936,1.0001163190867501,108.6681705298621
9.731202048,1.0000983856981696,108.5260918025163
9.73410816,1.0000741003910572,108.38434405558866
9.737014272,1.0000451673649016,108.24302018247826
9.739920384,1.0000131101872485,108.10216326137022
9.742826496,0.9999799584097713,107.96178618193466
9.745731584,0.9999479917432502,107.82191449248323
9.748637696,0.9999190486921249,107.6825077391195
9.751543808,0.9998949806984256,107.54350490179547
9.75444992,0.9998772439668754,107.40481748605627
9.757356032,0.9998670656813353,107.26638182423707
9.76026112,0.9998650085345513,107.12805571589223
9.763167232,0.9998712239794317,106.98974418336903
9.766073344,0.9998853163876581,106.85126932868249
9.768979456,0.9999065385290944,106.71260583043451
9.771885568,0.9999332693972595,106.57363068976169
9.774790656,0.9999642268430521,106.43420931335245
9.777696768,0.9999973302965605,106.29441052563045
9.78060288,1.0000304194382543,106.15412888949919
9.783508992,1.0000614375320411,106.01342333518086
9.786415104,1.0000886298593172,105.87231457358025
9.789321216,1.0001101266732244,105.73090037243975
9.792226304,1.000124678264899,105.58921759595732
9.795132416,1.0001313266717724,105.44744112977284
9.798038528,1.0001295131446852,105.30564120011117
9.80094464,1.0001196530712322,105.16393961159139
9.803850752,1.0001019453167066,105.02248262314176
9.80675584,1.0000778084063628,104.88133937092542
9.809661952,1.0000486820661458,104.74060050272104
9.812568064,1.0000161960836487,104.6003350294031
9.815474176,0.9999825754190845,104.46058366072549
9.818380288,0.9999498833608736,104.32131221529846
9.821285376,0.9999201052673803,104.1825522986547
9.824191488,0.9998950764463012,104.04419084028335
9.8270976,0.9998763963452438,103.90617042340773
9.830003712,0.9998653847437171,103.76839549989042
9.832909824,0.9998625298546572,103.63075930436355
9.835815936,0.9998680123381811,103.4931361098237
9.838721024,0.9998817264922059,103.35538517369282
9.841627136,0.9999026447396329,103.21741878346744
9.844533248,0.9999295818363765,103.07912116740286
9.84743936,0.9999607993469509,102.9404465354994
9.850345472,0.9999942650674883,102.80133368158836
9.85325056,1.0000279881475462,102.66175925301302
9.856156672,1.0000599204881233,102.52173016666731
9.859062784,1.0000879040344555,102.38130336185618
9.861968896,1.0001104055094805,102.24052490215648
9.864875008,1.0001258359288194,102.09950864331972
9.867780096,1.0001333535592052,101.95834424569684
9.870686208,1.0001323027591995,101.81715944624608
9.87359232,1.0001229294205838,101.67608461236549
9.876498432,1.0001056306854765,101.53523079579465
9.879404544,1.0000816313314007,101.39469080256256
9.882310656,1.0000523095387175,101.25455448081843
9.885215744,1.0000194958760609,101.11490721812314
9.888121856,0.9999853247910464,100.97575017036355
9.891027968,0.9999518502088516,100.8371161436624
9.89393408,0.9999211612800005,100.6989778384457
9.896840192,0.9998952521421224,100.56125980771773
9.89974528,0.9998757713922315,100.4239270778049
9.902651392,0.999863734682247,100.28682031400258
9.905557504,0.9998600390504618,100.14986984138405
9.908463616,0.99986498213549,100.01292595045918
9.911369728,0.9998782946071587,99.87588314562593
9.91427584,0.9998988849373454,99.73863799133204
9.917180928,0.9999258223116776,99.60105303862913
9.92008704,0.9999572536918926,99.46308074331161
9.922993152,0.9999911925940472,99.32466522620837
9.925899264,1.0000257390262233,99.18579809589535
9.928805376,1.0000583237600014,99.04646736991384
9.931710464,1.0000873784638133,98.9066938564278
9.934616576,1.0001107790421144,98.76658353350206
9.937522688,1.000127194920745,98.62622891677589
9.9404288,1.000135462590896,98.48569946594552
9.943334912,1.0001352253942775,98.34514853947701
9.94624,1.0001263748265363,98.20467095217295
9.949146112,1.0001094256523657,98.06440110246857
9.952052224,1.0000854905088914,97.92448167101075
9.954958336,1.0000559936824367,97.78494478996566
9.957864448,1.0000229283401796,97.64591461379793
9.96077056,0.9999880576723337,97.5073733470112
9.963675648,0.999953901506163,97.36937178819329
9.96658176,0.9999223284923713,97.23186182068106
9.969487872,0.9998954429475222,97.09479043925381
9.972393984,0.9998748948728012,96.95811376574294
9.975300096,0.999861966943825,96.82169550437048
9.978205184,0.9998576197441021,96.68543676157284
9.981111296,0.9998617828009873,96.54919534854209
9.984017408,0.9998745895544702,96.41285967713148
9.98692352,0.999894988558177,96.27631594976563
9.989829632,0.9999219305695105,96.13947267216399
9.99273472,0.9999536612931571,96.00220435703598
9.995640832,0.9999880998894896,95.86449132993951
9.998546944,1.000023173620065,95.72631531582596
10.001453056,1.000056791509921,95.58767930884274
10.004359168,1.0000867598955563,95.44859554657775
10.00726528,1.000111102524933,95.30913643986393
10.010170368,1.000128451041357,95.16942490498974
10.01307648,1.0001376501989043,95.02954074437223
10.015982592,1.0001381054153138,94.88958726481695
10.018888704,1.0001297322636051,94.7497428647464
10.021794816,1.0001131899783964,94.61009881816446
10.024699904,1.000089457379118,94.47077353992466
10.027606016,1.0000598577470836,94.33184548077324
10.030512128,1.0000263744164042,94.19340643990218
10.03341824,0.9999910266339993,94.05549436410318
10.036324352,0.999956023949765,93.91811291198536
10.03922944,0.9999235784120137,93.78121776247359
10.042135552,0.9998957489199474,93.64483613124945
10.045041664,0.9998741323575641,93.50879180149155
10.047947776,0.9998602867184029,93.37307516256163
10.050853888,0.9998549874018985,93.23748755523015
10.05376,0.9998586314077461,93.1019637109539
10.056665088,0.9998708176238184,92.96633581212926
10.0595712,0.9998911616137158,92.83049186688471
10.062477312,0.9999180187369722,92.69436074981289
10.065383424,0.999950018294995,92.5578236298437
10.068289536,0.9999848539635815,92.42084017062221
10.071194624,1.000020693459116,92.28335403579808
10.074100736,1.0000550547149865,92.14539387300302
10.077006848,1.0000859896948573,92.00698991300871
10.07991296,1.0001112681804059,91.86820809870491
10.082819072,1.000129669795488,91.72912681439642
10.08572416,1.0001397484309347,91.58987776471244
10.088630272,1.0001409803908683,91.45057145089027
10.091536384,1.0001332457009982,91.31133171104092
10.094442496,1.0001170582014132,91.17228058944629
10.097348608,1.0000933951363602,91.03356426606574
10.10025472,1.0000636033143624,90.89524610744617
10.103159808,1.0000297410430228,90.75742076931489
10.10606592,0.9999938962022645,90.62010960930665
10.108972032,0.9999580943019092,90.48334036479353
10.111878144,0.999924650771009,90.34710756835318
10.114784256,0.999895938387319,90.21135452919302
10.117689344,0.9998733253739759,90.07598661778282
10.120595456,0.999858493428035,89.94093409384219
10.123501568,0.9998523661800143,89.8060424476677
10.12640768,0.999855290799099,89.6712182024186
10.129313792,0.9998670428085906,89.53630575623043
10.132219904,0.9998870562122327,89.40120272253205
10.135124992,0.9999139554381357,89.26577149928285
10.138031104,0.9999460690813637,89.12995231122298
10.140937216,0.9999815635532968,88.99366355048045
10.143843328,1.0000180570268018,88.85689610831987
10.14674944,1.0000532982712629,88.71961517759613
10.149654528,1.0000851082371394,88.58190771326068
10.15256064,1.0001115680839614,88.44378321463506
10.155466752,1.0001309389882007,88.305360357976
10.158372864,1.0001419536303136,88.16673081632148
10.161278976,1.0001439474009792,88.02804814555523
10.164184064,1.0001368607482921,87.88941132463782
10.167090176,1.0001209923690242,87.75098090847584
10.169996288,1.0000973750392352,87.6128549443253
10.1729024,1.00006755197206,87.47514473307797
10.175808512,1.0000333325684776,87.33790531893521
10.178714624,0.9999967898776135,87.20122260173274
10.181619712,0.9999601980736913,87.06507634980969
10.184525824,0.9999259391000586,86.9294637283281
10.187431936,0.9998959964969986,86.79436396768206
10.190338048,0.9998725142486641,86.65966210138909
10.19324416,0.9998566667547203,86.52527573136919
10.196149248,0.9998496839278175,86.3910851618505
10.19905536,0.9998518857598843,86.25694861465522
10.201961472,0.999863164391755,86.12275247525766
10.204867584,0.9998828672427489,85.9883553506677
10.207773696,0.999909797286705,85.85363926740128
10.210678784,0.9999422687956964,85.71855451160025
10.213584896,0.9999782289917655,85.58297430426694
10.216491008,1.0000153424560503,85.44690342110516
10.21939712,1.000051551146034,85.31031839301477
10.222303232,1.0000843313690826,85.17326987481579
10.225209344,1.0001117985501111,85.0358141833311
10.228114432,1.000132164875408,84.89801524959219
10.231020544,1.0001441043214925,84.76005205149148
10.233926656,1.0001469420031692,84.62197957861862
10.236832768,1.000140419894586,84.4839547065115
10.23973888,1.0001250368097805,84.34613131887718
10.242643968,1.000101694950305,84.20859014888288
10.24555008,1.0000716638670462,84.07146664722904
10.248456192,1.0000370117513473,83.93484190350983
10.251362304,0.9999998458325349,83.79873881812797
10.254268416,0.9999624670992712,83.66323426890578
10.257173504,0.9999272659831722,83.528263999859
10.260079616,0.9998962979510676,83.39378768607223
10.262985728,0.9998716559455366,83.25975127139783
10.26589184,0.9998548326720598,83.12604901441073
10.268797952,0.9998469341584499,82.9925404251148
10.271704064,0.9998484583070457,82.85909957078499
10.274609152,0.9998591991701391,82.7256023733587
10.277515264,0.9998786766876221,82.59192202925655
10.280421376,0.9999055121650362,82.45793916071092
10.283327488,0.9999382057025039,82.32354248985635
10.2862336,0.9999746965557563,82.18868606487177
10.289138688,1.0000126003732948,82.05331069364274
10.2920448,1.0000495544513543,81.91742410891615
10.294950912,1.0000834182893878,81.78103976239305
10.297857024,1.0001119810698313,81.64424354113375
10.300763136,1.0001334088524014,81.50710875567341
10.303668224,1.0001463097236631,81.3697409822411
10.306574336,1.0001500395648433,81.23227422335174
10.309480448,1.0001441070842032,81.09486614978688
10.31238656,1.0001290812713235,80.9576304783992
10.315292672,1.0001057982332904,80.82070811868617
10.318198784,1.0000756773931747,80.68417609996662
10.321103872,1.000040676401179,80.54813050195712
10.324009984,1.0000029479500607,80.41265843073806
10.326916096,0.9999647049334389,80.27774238211398
10.329822208,0.9999285284879598,80.14340523498943
10.33272832,0.9998965839426981,80.00956913922819
10.335633408,0.999870813326206,79.8761749357077
10.33853952,0.999853002949013,79.74314021825676
10.341445632,0.999844165716572,79.61030753971188
10.344351744,0.9998448894528725,79.47756556091281
10.347257856,0.9998551193820235,79.34480134402607
10.350163968,0.9998743119265014,79.21181728919052
10.353069056,0.9999011981395428,79.078532378178
10.355975168,0.9999341658715156,78.94486267845792
10.35888128,0.9999710698768833,78.81070589607222
10.361787392,1.0000097817220135,78.67602825568927
10.364693504,1.00004770701052,78.54082506716685
10.367598592,1.0000825608391601,78.40510604703901
10.370504704,1.0001121715622885,78.26896558231348
10.373410816,1.0001346618973603,78.13247875936467
10.376316928,1.0001485805360293,77.99573279978767
10.37922304,1.0001530942107102,77.85888913249495
10.382128128,1.0001479826599078,77.72206864076942
10.38503424,1.0001332614820646,77.58542066591613
10.387940352,1.0001101399291383,77.44906376561272
10.390846464,1.0000799555077016,77.31312609843407
10.393752576,1.00004452984339,77.177686271204
10.396658688,1.0000060542094893,77.04278954005059
10.399563776,0.9999670574300974,76.90848785161197
10.402469888,0.9999298411770623,76.77475353338244
10.405376,0.9998968307640935,76.64157581620162
10.408282112,0.9998700349401585,76.50884024703286
10.411188224,0.9998510810866422,76.3764700469283
10.414093312,0.9998413397791213,76.24432309289267
10.416999424,0.9998412152175313,76.11227386721414
10.419905536,0.999850940540129,75.98019872627924
10.422811648,0.9998698312455115,75.84792186083354
10.42571776,0.9998967188744255,75.71535480210451
10.428622848,0.9999299894154094,75.58238759421788
10.43152896,0.9999674597476325,75.44894393216919
10.434435072,1.0000068696853055,75.31492559152063
10.437341184,1.0000456975126906,75.18041350202428
10.440247296,1.0000816934977772,75.0453731587472
10.443153408,1.0001123164223518,74.90988447665947
10.446058496,1.0001359345715863,74.77401379669692
10.448964608,1.0001509004636044,74.63789197104467
10.45187072,1.0001563119388952,74.5016309866893
10.454776832,1.0001518611414022,74.3654195172589
10.457682944,1.0001376135448778,74.22936391211233
10.460588032,1.0001146566099064,74.09358577325943
10.463494144,1.0000842617845205,73.95821601835829
10.466400256,1.0000484587295515,73.8233548117109
10.469306368,1.000009446080184,73.68905497202772
10.47221248,0.9999695254401479,73.55533681474073
10.475117568,0.9999312638832197,73.42223005938166
10.47802368,0.9998971471548646,73.28967355831183
10.480929792,0.9998691491160859,73.1576002110819
10.483835904,0.9998492646162539,73.02586020457206
10.486742016,0.9998384610352896,72.89438449401739
10.489648128,0.9998376669717892,72.76304463704098
10.492553216,0.9998467245659798,72.63164093946747
10.495459328,0.9998653415576011,72.50008343753915
10.49836544,0.9998922461068052,72.36822449609816
10.501271552,0.999925726984164,72.23595394919234
10.504177664,0.9999636627373107,72.10319229914471
10.507082752,1.0000038727215208,71.96988272425382
10.509988864,1.0000437205098216,71.83603756368859
10.512894976,1.0000807841217079,71.70165203941106
10.515801088,1.0001125955375552,71.56679293665458
10.5187072,1.0001373905696715,71.43156463762371
10.521612288,1.00015335223003,71.29604460303982
10.5245184,1.0001596374296775,71.16040793642034
10.527424512,1.000155856602009,71.02475932997022
10.530330624,1.0001420224535003,70.88926941401844
10.533236736,1.0001192704624056,70.75406495560303
10.536142848,1.0000887841255386,70.61926209006731
10.539047936,1.0000525177273574,70.48498280454307
10.541954048,1.0000127902987814,70.35127827915845
10.54486016,0.9999720210781557,70.21814332461419
10.547766272,0.9999327793591816,70.0856407284793
10.550672384,0.999897449055663,69.95369283877427
10.553577472,0.9998683446410419,69.82223608522052
10.556483584,0.9998471927050487,69.69118267180622
10.559389696,0.9998354594475,69.5603705725855
10.562295808,0.9998337614284379,69.4296944759557
10.56520192,0.9998423643268293,69.2990085606988
10.568107008,0.9998606977915679,69.16814292992554
10.57101312,0.9998874584320925,69.0369838659257
10.573919232,0.9999212140260137,68.90540091868206
10.576825344,0.9999598582550596,68.77333719769977
10.579731456,1.0000007923015088,68.6407051263585
10.582637568,1.0000416759407196,68.5075387088732
10.585542656,1.000079782979581,68.37378672709657
10.588448768,1.000112851963367,68.23957972394605
10.59135488,1.0001387468075031,68.10495283091838
10.594260992,1.000155816542005,67.97004345979686
10.597167104,1.0001630529186598,67.8349759680712
10.600072192,1.0001600067554406,67.69991913533106
10.602978304,1.0001466731132167,67.56500279197459
10.605884416,1.0001239789146363,67.43034990027553
10.608790528,1.0000934303613258,67.29611683373051
10.61169664,1.00005675660126,67.16237418634297
10.614602752,1.0000163006273264,67.02924023663664
10.61750784,0.9999746566407202,66.89671121441606
10.620413952,0.9999342472762547,66.76479909569659
10.623320064,0.999897774131452,66.63346271246196
10.626226176,0.9998675179052413,66.5026330400918
10.629132288,0.9998452603921469,66.37222385767348
10.632037376,0.9998325215139808,66.24209252263988
10.634943488,0.9998299966537253,66.11208874017034
10.6378496,0.9998380179783454,65.98206203364266
10.640755712,0.9998559111646026,65.8518936490074
10.643661824,0.9998827771214998,65.7214207227905
10.646566912,0.999916779197401,65.5905355264593
10.649473024,0.9999559203258215,65.45914350855924
10.652379136,0.9999977587093892,65.32720649869071
10.655285248,1.0000395760871614,65.19467942611786
10.65819136,1.0000788580692481,65.06158878659595
10.661097472,1.0001130875412232,64.92799178640355
10.66400256,1.00014018233454,64.79398641322229
10.666908672,1.0001584255928455,64.65965528026965
10.669814784,1.0001665733549656,64.52518031192162
10.672720896,1.0001641613556926,64.39068545142167
10.675627008,1.000151335982718,64.25631371865926
10.678532096,1.0001287967319032,64.12222615176836
10.681438208,1.0000980880808643,63.98853636873536
10.68434432,1.0000610426820569,63.855361779411986
10.687250432,1.0000198553183053,63.72276114547794
10.690156544,0.9999771924940694,63.59082337864544
10.693061632,0.9999357854776082,63.45949220946199
10.695967744,0.9998981201430137,63.32875708334898
10.698873856,0.9998665678289885,63.19856137333119
10.701779968,0.999843157544159,63.06877623105218
10.70468608,0.9998292827340499,62.93929490874972
10.707592192,0.9998259779820824,62.809956140278686
10.71049728,0.999833314234207,62.68061219441678
10.713403392,0.9998509566942092,62.551125698402046
10.716309504,0.9998778138673681,62.42133389034102
10.719215616,0.9999120938975866,62.29113069265293
10.722121728,0.9999518302863473,62.16042262351056
10.725026816,0.9999944624718623,62.02913725240707
10.727932928,1.000037381674534,61.89727252619511
10.73083904,1.0000778082186152,61.764821659580676
10.733745152,1.0001132932441104,61.631856414680875
10.736651264,1.000141623433061,61.49843546327922
10.739556352,1.0001609749110203,61.36470264969578
10.742462464,1.0001701385030708,61.230783866875456
10.745368576,1.0001684905525488,61.09683325812349
10.748274688,1.0001560563924892,60.963012402543434
10.7511808,1.0001338320313489,60.82943658611529
10.754086912,1.0001029531739714,60.69630311764519
10.756992,1.0000654274936456,60.563676469565486
10.759898112,1.0000235260523145,60.43162916460481
10.762804224,0.9999799147977656,60.30022859735933
10.765710336,0.9999373687345959,60.16949044910033
10.768616448,0.9998984665251516,60.03934858842779
10.771521536,0.9998656183579177,59.9097559591562
10.774427648,0.9998410011449625,59.78059545856381
10.77733376,0.9998260163714509,59.651767986451
10.780239872,0.9998218036627122,59.52309444691659
10.783145984,0.9998285815997663,59.39440779687629
10.786051072,0.9998458323281044,59.26559459483532
10.788957184,0.9998726455883421,59.136487297977936
10.791863296,0.9999071970135889,59.00696124017199
10.794769408,0.9999475071072059,58.876920681794005
10.79767552,0.9999910061572391,58.746299741676594
10.800581632,1.000035068220144,58.615076860250646
10.80348672,1.0000767006925133,58.48324411302179
10.806392832,1.0001134972143433,58.35088080991912
10.809298944,1.0001431016381273,58.21805913651133
10.812205056,1.0001636148606798,58.084890839007244
10.815111168,1.0001738264173794,57.951544186080206
10.818016256,1.0001729500793202,57.81812640314813
10.820922368,1.0001611091826295,57.684826369760685
10.82382848,1.0001389123379532,57.55179924369569
10.826734592,1.0001078900990135,57.4191663315089
10.829640704,1.000069940084445,57.28707214971816
10.832546816,1.000027391017604,57.155565268180894
10.835451904,0.9999827341228495,57.024718137719084
10.838358016,0.9999389483755082,56.89452942763684
10.841264128,0.9998987639723095,56.764990020151295
10.84417024,0.9998647040117868,56.63598618925454
10.847076352,0.9998387338665861,56.50744919017286
10.84998144,0.9998227131028874,56.379253497134535
10.852887552,0.9998174973566565,56.251214781240094
10.855793664,0.9998236369903571,56.1232144512703
10.858699776,0.9998405176434246,55.99506372562327
10.861605888,0.9998673156570544,55.86663026299943
10.864510976,0.9999022724784986,55.73776467298797
10.867417088,0.9999432260214755,55.60838270344939
10.8703232,0.9999876103940685,55.47841570818897
10.873229312,1.0000327131385336,55.347824826652015
10.876135424,1.0000756461266649,55.216620730213656
10.879041536,1.0001137596968142,55.08483463009385
10.881946624,1.0001446616785434,54.952581916054655
10.884852736,1.0001664054075212,54.81997450878222
10.887758848,1.0001776177977113,54.68716400157049
10.89066496,1.0001775791505279,54.554270200744035
10.893571072,1.000166207095856,54.42150661363944
10.89647616,1.0001443116428814,54.288977714326926
10.899382272,1.0001132330705722,54.15686163865402
10.902288384,1.000074685002225,54.02528227434848
10.905194496,1.000031322461188,53.89429474198793
10.908100608,0.999985666899433,53.76398846519762
10.911005696,0.9999407000270785,53.63435972286646
10.913911808,0.9998991504442756,53.50537435149619
10.91681792,0.9998636788102007,53.376970928664676
10.919724032,0.9998364890659046,53.24903957866157
10.922630144,0.9998193020157021,53.12145855384909
10.925536256,0.9998131796357299,52.994073403639405
10.928441344,0.9998185300254124,52.86671363700176
10.931347456,0.9998351538957682,52.739228539913675
10.934253568,0.9998618673111561,52.61143604968654
10.93715968,0.9998971023203821,52.483251635246454
10.940065792,0.9999387651754366,52.35450144338645
10.94297088,0.9999840526318889,52.22517659547432
10.945876992,1.0000302997673185,52.09521225530579
10.948783104,1.0000744790873695,51.96458616998708
10.951689216,1.0001140253244496,51.83341238559683
10.954595328,1.0001462544674176,51.701733726183875
10.957500416,1.0001692725698301,51.56967136570138
10.960406528,1.0001815855784117,51.4373645840261
10.96331264,1.0001823835931165,51.30501051475831
10.966218752,1.0001715266679923,51.17272863967393
10.969124864,1.0001497781763353,51.04072503818617
10.972030976,1.000118460578549,50.90908862060138
10.974936064,1.000079554707285,50.778002210684946
10.977842176,1.0000352241103971,50.64752720485986
10.980748288,0.999988640185192,50.51775208512854
10.9836544,0.9999423509392767,50.388653888956064
10.986560512,0.9998994196733796,50.260213142567444
10.9894656,0.999862577785649,50.13238700662366
10.992371712,0.9998340188864787,50.005054335491415
10.995277824,0.9998156054977527,49.878087099962045
10.998183936,0.9998084678722144,49.75133512457134
11.001090048,0.9998132013001749,49.62461261601633
11.003995136,0.999829397120181,49.49778235335273
11.006901248,0.9998561516074024,49.37063651947569
11.00980736,0.9998917081033785,49.243098991054346
11.012713472,0.9999340391303758,49.11500193120581
11.015619584,0.9999802871862156,48.98630580380236
11.018525696,1.0000276851305097,48.85693298279423
11.021430784,1.0000732736209454,48.72692132952704
11.024336896,1.000114171889302,48.59630683243152
11.027243008,1.0001478570167568,48.465187985555005
11.03014912,1.0001721569038682,48.33364859123608
11.033055232,1.0001855834014186,48.20188026168927
11.03596032,1.0001872673808943,48.070001666422364
11.038866432,1.0001769873565025,47.93821606882908
11.041772544,1.0001554619703696,47.80668037438546
11.044678656,1.0001240138849576,47.675547792278486
11.047584768,1.0000845042763105,47.54493700002339
11.05049088,1.0000395261599375,47.41495622062759
11.053395968,0.9999916757008007,47.28568361768952
11.05630208,0.9999442316178143,47.15710057943373
11.059208192,0.9998998258077406,47.02923018719642
11.062114304,0.9998615085517748,46.90195109189644
11.065020416,0.9998316302543999,46.77521725217555
11.067925504,0.9998118862807288,46.64883992097359
11.070831616,0.9998038620273283,46.52269422042479
11.073737728,0.9998077935683067,46.396609654584104
11.07664384,0.999823685074593,46.27040168267669
11.079549952,0.9998503136854614,46.143911379467795
11.08245504,0.9998862360611459,46.01700363543933
11.085361152,0.9999291834296069,45.889528903967545
11.088267264,0.9999765128655718,45.761438257558325
11.091173376,1.000025168189474,45.632681692873824
11.094079488,1.0000721090084994,45.503255924670874
11.0969856,1.0001145118639803,45.37320186843849
11.099890688,1.000149592693662,45.24260479379
11.1027968,1.0001753143239114,45.111596665768104
11.105702912,1.0001899134655332,44.98031557564379
11.108609024,1.0001924032120044,44.84894464042252
11.111515136,1.0001827826680088,44.717618433929395
11.114420224,1.0001614843853852,44.586536910394564
11.117326336,1.000129842991124,44.455857324608914
11.120232448,1.0000898034110828,44.3257212022689
11.12313856,1.0000439729177373,44.19622822287776
11.126044672,0.9999949526967373,44.06744567119682
11.12894976,0.9999460679087627,43.93938744599948
11.131855872,0.9999002862318235,43.812003534149866
11.134761984,0.9998604779616413,43.685298448453366
11.137668096,0.9998290364365061,43.55911559709025
11.140574208,0.9998081925511503,43.43333793894418
11.14348032,0.9997989540707637,43.30780393975098
11.146385408,0.9998021498825501,43.18234010533628
11.14929152,0.9998176362068163,43.05675208271997
11.152197632,0.9998442489165694,42.93090612876002
11.155103744,0.999880583871962,42.80461661276411
11.158009856,0.9999241704500611,42.67775511845064
11.160914944,0.999972416563647,42.550269011542746
11.163821056,1.0000223982417134,42.42210830549447
11.166727168,1.0000709273716561,42.29324495279205
11.16963328,1.0001148257014056,42.16374112622037
11.172539392,1.0001514817269228,42.033673522184266
11.17544448,1.0001784835063234,41.903161603017914
11.178350592,1.0001942973832367,41.772355432190636
11.181256704,1.000197751763466,41.6414393815316
11.184162816,1.0001886462366347,41.510569234709855
11.187068928,1.000167587895004,41.37994965469692
11.18997504,1.0001357382451697,41.2497152661908
11.192880128,1.000095178615824,41.12002678467654
11.19578624,1.0000483659614032,40.99099442571336
11.198692352,0.9999982393809868,40.8626688552243
11.201598464,0.9999480276003829,40.735101144027155
11.204504576,0.9999006477229097,40.60825550990832
11.207409664,0.9998592240981095,40.48207434338742
11.210315776,0.999826325104239,40.35645293247296
11.213221888,0.9998040351440783,40.231253935025315
11.216128,0.9997938096635132,40.10632329494925
11.219034112,0.9997962396874277,39.981452282026325
11.2219392,0.9998113157250218,39.85648497664238
11.224845312,0.9998379159441431,39.73123521028035
11.227751424,0.9998745403180656,39.60555775021356
11.230657536,0.9999189456346415,39.47933394786412
11.233563648,0.9999683368609293,39.35243111762484
11.23646976,1.0000195348635474,39.22484875857403
11.239374848,1.0000695028062423,39.09652974471353
11.24228096,1.0001150866025301,38.96755301094045
11.245187072,1.0001532685075196,38.837984589263456
11.248093184,1.0001818409268475,38.707969375290034
11.250999296,1.000198844016543,38.57762121512725
11.253904384,1.000203242627311,38.447153869971224
11.256810496,1.0001947374453934,38.316715204668476
11.259716608,1.0001739064642003,38.18652961075431
11.26262272,1.0001419240474165,38.0567240648379
11.265528832,1.0001008179440531,37.92747377282265
11.268434944,1.0000530446340976,37.798882909678454
11.271340032,1.0000017263260246,37.671018178316245
11.274246144,0.999950018799445,37.54392877443843
11.277152256,0.9999010423814778,37.41756786565181
11.280058368,0.9998579994879979,37.29191271589486
11.28296448,0.9998236206743117,37.166821420025066
11.285869568,0.9997999216217643,37.04219384719298
11.28877568,0.9997884553711294,36.917831813961676
11.291681792,0.9997900893966575,36.793568580413584
11.294587904,0.999804657972241,36.669202099841904
11.297494016,0.9998313559373206,36.54455873631363
11.300399104,0.9998684353982871,36.41949274053338
11.303305216,0.9999135781240251,36.293840108700905
11.306211328,0.999964101286626,36.167532443889435
11.30911744,1.0000166408228774,36.04050353900107
11.312023552,1.0000682497696507,35.912723443537516
11.314929664,1.0001154476520255,35.784275538770096
11.317834752,1.000155300454584,35.655180568787294
11.320740864,1.000185355513919,35.5256434801227
11.323646976,1.000203639266747,35.395738155927646
11.326553088,1.0002090822554517,35.26568848631538
11.3294592,1.00020130495714,35.13567598788647
11.332364288,1.0001807092582158,35.00588280532199
11.3352704,1.000148478371927,34.87649225120022
11.338176512,1.000106726826281,34.74764182000392
11.341082624,1.0000580787366922,34.619478191199065
11.343988736,1.000005427438592,34.49205923785429
11.346893824,0.999952131437749,34.365417517324026
11.349799936,0.9999015562101128,34.23955795212842
11.352706048,0.9998568059116748,34.114385921290015
11.35561216,0.9998206881480506,33.9898368589569
11.358518272,0.9997955701273025,33.8657661848723
11.361424384,0.9997830630555608,33.741945242648605
11.364329472,0.9997838680529018,33.6182682995636
11.367235584,0.9997978838613574,33.49449717190076
11.370141696,0.9998245271328848,33.370454111796825
11.373047808,0.9998619817211666,33.24598802921748
11.37595392,0.9999079468634289,33.1209211049078
11.378859008,0.9999596339271052,32.995166896147055
11.38176512,1.0000136643475444,32.86867213757099
11.384671232,1.0000669192215184,32.741429461416665
11.387577344,1.0001157431634875,32.613457731249056
11.390483456,1.0001573884384516,32.48486214230721
11.393388544,1.0001889585134336,32.35574718210361
11.396294656,1.0002087012277998,32.22628284141161
11.399200768,1.0002151284637755,32.09665187218561
11.40210688,1.0002079551277157,31.967020342955568
11.405012992,1.000187592638212,31.837620884835427
11.407919104,1.0001552175972772,31.708617838464786
11.410824192,1.0001129177440276,31.58015922744179
11.413730304,1.000063124753101,31.45238935000889
11.416636416,1.0000091599734087,31.325382038304724
11.419542528,0.9999543630087815,31.199195878098276
11.42244864,0.9999020713531948,31.07377930744073
11.425353728,0.9998554365109278,30.949117003807675
11.42825984,0.9998176790071635,30.825081580515068
11.431165952,0.9997910701662279,30.70152060606419
11.434072064,0.9997772329743592,30.57825787867875
11.436978176,0.9997771552849142,30.45516802161621
11.439883264,0.9997908020836135,30.331963200383427
11.442789376,0.9998173863698541,30.208480942909414
11.445695488,0.9998552638933519,30.084607441992247
11.4486016,0.9999020979413443,29.960109646273875
11.451507712,0.9999549859003917,29.83491295002179
11.454413824,1.0000105419100123,29.708939820446126
11.457318912,1.0000654916223015,29.582204021848725
11.460225024,1.0001162038423972,29.4547232500872
11.463131136,1.0001596126772148,29.32658512449136
11.466037248,1.0001928714975479,29.197899474160675
11.46894336,1.000213918619494,29.06882913795472
11.471848448,1.0002215220689241,28.9395750593838
11.47475456,1.0002150655104622,28.81034827634304
11.477660672,1.0001948871046986,28.681299345797495
11.480566784,1.0001623792303116,28.552663970455516
11.483472896,1.0001193408927265,28.424567793866206
11.486379008,1.0000685887457725,28.297183013709102
11.489284096,1.0000131832051986,28.1705820727557
11.492190208,0.9999566860644096,28.04479243189494
11.49509632,0.999902557639166,27.91983282159637
11.498002432,0.9998541660072979,27.795626051755125
11.500908544,0.9998146224294001,27.67208925307666
11.503813632,0.9997863160892075,27.549045541138632
11.506719744,0.9997712576745005,27.426348551609188
11.509625856,0.9997702396643259,27.30378963508429
11.512531968,0.9997833244165535,27.18115030002147
11.51543808,0.9998099241409243,27.0582781282536
11.518343168,0.9998482113098288,26.934930785451
11.52124928,0.9998959906382909,26.81097822776748
11.524155392,0.9999501156864917,26.68633072620001
11.527061504,1.0000072677524023,26.560890905502177
11.529967616,1.0000639806032714,26.434640666550653
11.532873728,1.000116614407282,26.307608966783743
11.535778816,1.0001618900186446,26.17989631034745
11.538684928,1.0001969211621844,26.051633735047556
11.54159104,1.0002194415073624,25.92294808251008
11.544497152,1.0002280908467809,25.794051195946455
11.547403264,1.0002224577735446,25.66516880074605
11.550308352,1.0002025909970151,25.536474986339144
11.553214464,1.0001697794097835,25.408177431545568
11.556120576,1.0001260837518104,25.28043821548549
11.559026688,1.0000741614368058,25.153400034870895
11.5619328,1.0000172652469024,25.027169771632742
11.564837888,0.9999590411798011,24.90178488774788
11.567744,0.9999029842402091,24.77725847902497
11.570650112,0.9998527168820937,24.65349866620083
11.573556224,0.9998112624431821,24.530437027735935
11.576462336,0.9997813800767286,24.407897477062544
11.579368448,0.9997649006646765,24.285716824875745
11.582273536,0.9997629941649135,24.163703581210775
11.585179648,0.9997756175238719,24.0416162794195
11.58808576,0.9998021639815606,23.91927914652318
11.590991872,0.999840898637699,23.7964930660136
11.593897984,0.9998896173907229,23.67309491280386
11.596803072,0.9999450414698642,23.548955446655686
11.599709184,1.0000039515165844,23.424000561161233
11.602615296,1.0000625749973282,23.298226134953794
11.605521408,1.0001171092029204,23.171656619708713
11.60842752,1.0001643258277944,23.044348663133366
11.611332608,1.0002011819083714,22.916471139293677
11.61423872,1.000225273774035,22.78815860353598
11.617144832,1.0002351562876615,22.659607831807808
11.620050944,1.0002302328671344,22.531038262548904
11.622957056,1.0002105918648145,22.402670483899662
11.625863168,1.000177561274195,22.274660193225337
11.628768256,1.0001331615188755,22.147246636360993
11.631674368,1.000080099057366,22.020563168360223
11.63458048,1.000021677984439,21.89468619944506
11.637486592,0.9999616228958105,21.76966376169795
11.640392704,0.9999035411537261,21.645539122170288
11.643297792,0.9998512232170309,21.52221724842875
11.646203904,0.9998077976624593,21.399618328079875
11.649110016,0.9997761686248793,21.277553876264946
11.652016128,0.9997583058349008,21.15589293964111
11.65492224,0.9997553046171249,21.03440077109136
11.657827328,0.9997673808349452,20.9128686593681
11.66073344,0.9997938858895938,20.791049043116722
11.663639552,0.9998331549449475,20.66879535169378
11.666545664,0.9998827712617765,20.545929458463352
11.669451776,0.9999396920456001,20.422298805163834
11.672357888,1.0000003116640064,20.297845561773066
11.675262976,1.0000608399674908,20.17249965349681
11.678169088,1.0001174965059674,20.04635816722373
11.6810752,1.0001667269250036,19.919464018373475
11.683981312,1.000205506691306,19.79192341240851
11.686887424,1.0002312364086048,19.663962425647444
11.689792512,1.0002424329316049,19.535726164646565
11.692698624,1.0002382108195003,19.407449571241393
11.695604736,1.0002189301537634,19.27937035213118
11.698510848,1.0001856383437793,19.15167947147646
11.70141696,1.0001404155556146,19.024556520387137
11.704322048,1.0000862065335543,18.89816291637946
11.70722816,1.0000261332990983,18.772610830395955
11.710134272,0.9999640242578882,18.647976667557245
11.713040384,0.999903966911127,18.524223751967572
11.715946496,0.9998495178005958,18.401311486946078
11.718852608,0.9998040917059592,18.279153468262606
11.721757696,0.9997706154314199,18.157577296461856
11.724663808,0.9997513261999521,18.036407347218688
11.72756992,0.9997472060574233,17.91540842704829
11.730476032,0.9997587459314463,17.794385978378145
11.733382144,0.9997852766839677,17.67311183848333
11.736287232,0.9998250206513156,17.551365733862458
11.739193344,0.9998756749497308,17.42899570209129
11.742099456,0.9999340192117766,17.30587087499654
11.745005568,0.9999964724862695,17.181869174433714
11.74791168,1.0000591166880108,17.05697485128712
11.750817792,1.0001180023819822,16.931245747900288
11.75372288,1.000169428180622,16.80471540218296
11.756628992,1.0002101725576042,16.67753185351037
11.759535104,1.0002376668189004,16.54986375263257
11.762441216,1.0002501188261284,16.421937774363307
11.765347328,1.0002467517330236,16.293930009775103
11.768252416,1.0002277572729847,16.166102676561245
11.771158528,1.0001942503937031,16.03866314987485
11.77406464,1.0001482959339687,15.911817589242972
11.776970752,1.0000927401747928,15.785712207807626
11.779876864,1.000030965873815,15.660469809085468
11.782781952,0.9999668938704165,15.536151169688162
11.785688064,0.9999045534156443,15.412753454591385
11.788594176,0.9998477941043925,15.29023795213434
11.791500288,0.9998001942700804,15.168496057654343
11.7944064,0.9997647904687645,15.047367581530196
11.797312512,0.9997438987027475,14.926666252741668
11.8002176,0.9997386656880213,14.806187917967915
11.803123712,0.9997496677047666,14.685651466634992
11.806029824,0.9997761165752088,14.564887018016124
11.808935936,0.9998164421394748,14.443654254962016
11.811842048,0.9998682169540257,14.32178780633954
11.814747136,0.9999280667681255,14.199123826206398
11.817653248,0.9999924412395774,14.07557722868262
11.82055936,1.0000572425285892,13.951101738747045
11.823465472,1.0001184180609433,13.82574346004097
11.826371584,1.000172116588658,13.699566359846608
11.829276672,1.0002150295844872,13.572690616368611
11.832182784,1.0002443307847493,13.44532520219763
11.835088896,1.0002581540282467,13.317650946070883
11.837995008,1.0002557166374297,13.189894982935911
11.84090112,1.0002369903638557,13.062312952159353
11.843807232,1.0002032356065085,12.935110612018383
11.84671232,1.0001564241502467,12.808496991130763
11.849618432,1.0000995216388395,12.682647973935236
11.852524544,1.000035938275487,12.557689539548559
11.855430656,0.9999697272178255,12.43366766169786
11.858336768,0.9999050654487533,12.310616520330708
11.861241856,0.9998459165238544,12.188468394034317
11.864147968,0.9997960354957343,12.06713135764296
11.86705408,0.9997586960427628,11.946430507136071
11.869960192,0.9997360534429393,11.826179159408715
11.872866304,0.9997296325601182,11.706161070883633
11.875771392,0.9997400681180753,11.586141034389764
11.878677504,0.999766418201372,11.465858450433975
11.881583616,0.9998073946709801,11.34513338236023
11.884489728,0.9998602828776335,11.223716545021109
11.88739584,0.9999218023471943,11.101518220329911
11.890301952,0.9999882296697647,10.978401773082862
11.89320704,1.0000553380055408,10.854325822653589
11.896113152,1.000118923194257,10.729324918599746
11.899019264,1.0001749860785862,10.60347698010342
11.901925376,1.000220206268015,10.476902610413473
11.904831488,1.0002513578218217,10.349774992511547
11.907736576,1.0002666388612058,10.222341659399289
11.910642688,1.0002651684351516,10.094807292660313
11.9135488,1.000246739638467,9.967428786304012
11.916454912,1.000212726791787,9.84041911387554
11.919361024,1.0001649289001782,9.714023888473871
11.922266112,1.000106581262237,9.588415726059994
11.925172224,1.0000411573422738,9.463693744834051
11.928078336,0.9999727507354398,9.339948576168768
11.930984448,0.9999056365989829,9.217192424351524
11.93389056,0.9998440042019726,9.095387651244483
11.936796672,0.9997916556875194,8.974443428827708
11.93970176,0.9997521498045914,8.854153762921904
11.942607872,0.9997278072474283,8.734335856281009
11.945513984,0.9997202308356647,8.614799765925307
11.948420096,0.9997298568852947,8.495244766925598
11.951326208,0.9997563020207842,8.375456196141078
11.954231296,0.9997978056868643,8.255186092001898
11.957137408,0.9998518372236203,8.134248397594353
11.96004352,0.9999151413808318,8.012468016232432
11.962949632,0.9999837172651308,7.889771875622493
11.965855744,1.0000532933839639,7.766067362903985
11.968761856,1.000119471570211,7.641404696504979
11.971666944,1.000178112585393,7.515842756824877
11.974573056,1.0002256382104158,7.389530442769641
11.977479168,1.000258792324759,7.262634599305744
11.98038528,1.0002757238838442,7.135397803984742
11.983291392,1.0002750755058336,7.008057444881638
11.98619648,1.00025715700071,6.8808328182413945
11.989102592,1.0002228078110549,6.754013056775695
11.992008704,1.0001741853274453,6.627790631342739
11.994914816,1.0001142325166712,6.502377070738289
11.997820928,1.000046767876016,6.377866721025767
12.000726016,0.9999758475315006,6.254362073648795
12.003632128,0.9999062422171144,6.131909112729164
12.00653824,0.9998418929622654,6.010434094349755
12.009444352,0.9997871757353165,5.889833916626054
12.012350464,0.9997453178237778,5.769924598366801
12.015256576,0.999719022071527,5.650550808201786
12.018161664,0.9997101522289513,5.531437973650487
12.021067776,0.9997191788125348,5.4123506198749585
12.023973888,0.9997455450670201,5.293026121347119
12.02688,0.999787717698102,5.173203041764176
12.029786112,0.9998431485916724,5.0527120663177
12.0326912,0.9999082647453303,4.931360498187054
12.035597312,0.999979107988777,4.809038243597249
12.038503424,1.0000512233400234,4.685691842083646
12.041409536,1.0001201474766253,4.561338941827429
12.044315648,1.0001815099390567,4.436064714450888
12.047220736,1.0002313922602288,4.309986861267673
12.050126848,1.0002667748493597,4.183283492779605
12.05303296,1.0002853228162591,4.056223599645981
12.055939072,1.000285839741574,3.9290129380815073
12.058845184,1.000268203247169,3.801934956996385
12.061751296,1.0002335350617635,3.6752503567930717
12.064656384,1.0001838654922193,3.5491595862654863
12.067562496,1.0001223598321374,3.423894427656068
12.070468608,1.0000527129765169,3.2995971492881573
12.07337472,0.9999794125208373,3.1763277193945822
12.076280832,0.9999068506096851,3.0541189471361756
12.07918592,0.9998397701159872,2.9329353186085685
12.082092032,0.9997822478397742,2.8126555205446597
12.084998144,0.999738059545337,2.6931340879733963
12.087904256,0.9997098704611685,2.5741526409318647
12.090810368,0.999699588189023,2.4554747955100282
12.093715456,0.999707802897492,2.3368092267861056
12.096621568,0.9997341151868678,2.2179263730712604
12.09952768,0.999776995741665,2.0985489777794335
12.102433792,0.9998337550157529,1.9784841823839874
12.105339904,0.999900948851257,1.8575231481761483
12.108246016,0.999974151455358,1.7355688039510155
12.111151104,1.000049082855121,1.6125442835409958
12.114057216,1.0001208135868456,1.488488075196002
12.116963328,1.0001850703941375,1.3634483977627339
12.11986944,1.0002376119285605,1.2375730198193087
12.122775552,1.0002753266511806,1.111064232310727
12.12568064,1.000295485694834,0.9841107067720056
12.128586752,1.000297150562123,0.8570198848842367
12.131492864,1.000279920077956,0.7300506181985793
12.134398976,1.0002447808993928,0.6034498777785458
12.137305088,1.0001941127623386,0.47747294725584405
12.140210176,1.0001309690966587,0.3523569088999607
12.143116288,1.0000590707282966,0.2281708317540736
12.1460224,0.9999830854418081,0.10509114040453221
12.148928512,0.9999075369854613,-0.01688003401678822
12.151834624,0.9998374890557548,-0.13780597293656544
12.154740736,0.9997772417691054,-0.25775953711614646
12.157645824,0.9997304051646281,-0.37692934126781863
12.160551936,0.9997000860159307,-0.49553496725063
12.163458048,0.9996882364455504,-0.6138218040903767
12.16636416,0.9996958340459146,-0.7320474517348452
12.169270272,0.9997220573256715,-0.8505126198044942
12.17217536,0.9997656318333046,-0.9694507237506728
12.175081472,0.9998238365148941,-1.0891238503663883
12.177987584,0.9998930045249403,-1.209711224956071
12.180893696,0.9999689296753806,-1.3313193480924868
12.183799808,1.0000466939609172,-1.4540265983161729
12.18670592,1.0001216514267566,-1.5778324238150283
12.189611008,1.0001888188478538,-1.7026610482217288
12.19251712,1.0002442460365328,-1.8283856975392005
12.195423232,1.0002843124476293,-1.9547658321684913
12.198329344,1.0003064596560496,-2.0816028593566163
12.201235456,1.0003091905971766,-2.2086385471759082
12.204140544,1.000292405496504,-2.33554014692863
12.207046656,1.000257053220121,-2.46209013318779
12.209952768,1.0002051765230884,-2.587987622860577
12.21285888,1.0001400636800304,-2.7130497079369986
12.215764992,1.0000657339168233,-2.837072027854354
12.21867008,0.999986922674157,-2.9600140794549175
12.221576192,0.9999083242251078,-3.0817947957240506
12.224482304,0.9998351181346671,-3.2024722084583255
12.227388416,0.9997716543854748,-3.322157470945159
12.230294528,0.9997221105640905,-3.4410065552444284
12.23320064,0.9996896914430766,-3.5592459509507615
12.236105728,0.9996762864527274,-3.677123000258429
12.23901184,0.9996829037774072,-3.7949689981109382
12.241917952,0.9997091742133984,-3.9130216916308975
12.244824064,0.9997535594512716,-4.031560420223706
12.247730176,0.9998133013557565,-4.150860560249009
12.250635264,0.9998846346538984,-4.2710824383000014
12.253541376,0.999963205559352,-4.392376667434488
12.256447488,1.0000441529708826,-4.51481437150963
12.2593536,1.0001223302793432,-4.638385625656579
12.262259712,1.0001928097415596,-4.763028080959347
12.2651648,1.0002512758128828,-4.888616784500291
12.268070912,1.000293872496944,-5.014911431360436
12.270977024,1.000318035139067,-5.141681097282395
12.273883136,1.000321996923098,-5.268693571696727
12.276789248,1.000305646167296,-5.395581565265838
12.27969536,1.0002699058988092,-5.522092694905494
12.282600448,1.0002168863257004,-5.647990678221448
12.28550656,1.0001497676752837,-5.772986171372823
12.288412672,1.0000730117544254,-5.896958319364828
12.291318784,0.999991035211367,-6.019769069098104
12.294224896,0.9999091075560517,-6.141391641276017
12.297129984,0.999832484201991,-6.261853407360972
12.300036096,0.9997657803462598,-6.381278725428173
12.302942208,0.9997133738105783,-6.499841761970984
12.30584832,0.999678409806869,-6.61774497881605
12.308754432,0.9996634582202211,-6.735274365249015
12.31165952,0.9996691033142122,-6.852721404059261
12.314565632,0.9996953962165998,-6.970389081801165
12.317471744,0.9997405573255777,-7.088546768849954
12.320377856,0.9998019501421885,-7.207466777568427
12.323283968,0.9998757576305238,-7.327360521078723
12.32619008,0.9999572246635199,-7.448358410676053
12.329095168,1.000041400425554,-7.570551667974625
12.33200128,1.0001231117933238,-7.693933230372913
12.334907392,1.0001970869651058,-7.8184322014663055
12.337813504,1.0002587110934964,-7.943932847921295
12.340719616,1.0003041541118054,-8.070159338664908
12.343624704,1.0003303467346607,-8.196941679563304
12.346530816,1.0003356836276982,-8.323940336509368
12.349436928,1.0003198542255447,-8.450871628686832
12.35234304,1.0002836567008624,-8.577409262856106
12.355249152,1.0002293301287406,-8.703333409291998
12.35815424,1.0001601419850772,-8.828325424456487
12.361060352,1.0000806239384785,-8.952256962940782
12.363966464,0.9999953310698947,-9.075012470625564
12.366872576,0.9999099118492106,-9.196503531969691
12.369778688,0.9998295717063104,-9.31680478074352
12.3726848,0.9997594229541557,-9.435993690307514
12.375589888,0.9997038787114908,-9.554273454180187
12.378496,0.9996664624025032,-9.671861185891439
12.381402112,0.9996495786374688,-9.7890522738413
12.384308224,0.9996543292777107,-9.906136298113863
12.387214336,0.9996805012224791,-10.023433420471841
12.390119424,0.9997265450262248,-10.141247659330556
12.393025536,0.9997897432685121,-10.259845033509368
12.395931648,0.9998660194051273,-10.379415381380795
12.39883776,0.9999506419659603,-10.500126375190048
12.401743872,1.0000384277722163,-10.62211305314518
12.404649984,1.0001238187584662,-10.745338246975528
12.407555072,1.0002015225994407,-10.869739405538079
12.410461184,1.0002665709714653,-10.995175624259955
12.413367296,1.0003149425677937,-11.121401185012317
12.416273408,1.0003434807421563,-11.248222326051806
12.41917952,1.000350269506878,-11.375272178952825
12.422084608,1.0003349573750453,-11.502281861657117
12.42499072,1.000298304125807,-11.628914173834557
12.427896832,1.0002426474494843,-11.754894839321778
12.430802944,1.0001713754099146,-11.879947311360104
12.433709056,1.000088730593419,-12.003886982613704
12.436614144,1.0000001122633306,-12.126598853221356
12.439520256,0.9999108632742455,-12.248018944633726
12.442426368,0.9998266598190475,-12.368169857845936
12.44533248,0.9997526838748133,-12.487163512678029
12.448238592,0.9996937528469395,-12.605214958750537
12.451144704,0.9996536776987525,-12.722521614795127
12.454049792,0.9996347582811315,-12.83939918499699
12.456955904,0.999638393260735,-12.956139794612888
12.459862016,0.9996645763755005,-13.07310065699147
12.462768128,0.9997116612899963,-13.190554638755243
12.46567424,0.9997766945551275,-13.3088347836083
12.468579328,0.9998556435382143,-13.428122255192127
12.47148544,0.9999436110355878,-13.54862112023913
12.474391552,1.0000351926103133,-13.670410764389537
12.477297664,1.0001246669776795,-13.793496066232537
12.480203776,1.0002063316695358,-13.917831758261862
12.483108864,1.0002752158480546,-14.043248806527473
12.486014976,1.000326698093508,-14.169540205962537
12.488921088,1.0003576744129847,-14.29643480718885
12.4918272,1.0003659826305342,-14.423608148755333
12.494733312,1.0003513278080973,-14.550752524660036
12.497639424,1.000314261053118,-14.677513436643016
12.500544512,1.000257071273604,-14.803630710527969
12.503450624,1.0001833239736095,-14.928781244174951
12.506356736,1.0000976083539828,-15.052789615624025
12.509262848,1.000005140010939,-15.175524431460222
12.51216896,0.9999117960063223,-15.296890509222123
12.515074048,0.9998233988920069,-15.416948054479375
12.51798016,0.9997454547806889,-15.535814645385418
12.520886272,0.9996829695533046,-15.65363847067036
12.523792384,0.9996398846477237,-15.770684223175174
12.526698496,0.9996188857985724,-15.887266169801238
12.529603584,0.9996215251613696,-16.003697234005056
12.532509696,0.999647543354781,-16.120327499471458
12.535415808,0.9996956062600894,-16.23746896659697
12.53832192,0.9997626337180816,-16.355448256425827
12.541228032,0.9998444980152715,-16.474501429090623
12.544134144,0.99993608478429,-16.59478937511447
12.547039232,1.0000318280325553,-16.71643183775384
12.549945344,1.0001256255109736,-16.839434195601612
12.552851456,1.0002116299130046,-16.96374691005813
12.555757568,1.0002844004536526,-17.089214391813595
12.55866368,1.0003393823060711,-17.21559812833182
12.561568768,1.000372967785385,-17.34262483576038
12.56447488,1.0003831288821368,-17.469988611719074
12.567380992,1.0003689099672282,-17.597315979993407
12.570287104,1.000331394569071,-17.724295907952325
12.573193216,1.000272640549961,-17.85058709987955
12.576098304,1.0001963217070575,-17.97590937185154
12.579004416,1.000107148197252,-18.100026753265094
12.581910528,1.0000106646298936,-18.222808368137937
12.58481664,0.9999129417854743,-18.344192876057573
12.587722752,0.9998200247764139,-18.464199073077676
12.590628864,0.999737704057004,-18.58294874604563
12.593533952,0.9996712829771417,-18.700592463221003
12.596440064,0.9996250022407226,-18.8174241254214
12.599346176,0.999601834201795,-18.93372724611549
12.602252288,0.9996031802141081,-19.049882811813003
12.6051584,0.9996292015832788,-19.166213781779724
12.608063488,0.999678229699291,-19.283076994356627
12.6109696,0.9997474114308983,-19.400793322931342
12.613875712,0.9998323982263713,-19.519609243660582
12.616781824,0.9999279968211321,-19.63973314404488
12.619687936,1.0000280907577017,-19.761273871409077
12.622593024,1.0001265949614155,-19.884244869805528
12.625499136,1.0002172088261012,-20.00857816132539
12.628405248,1.000294265941196,-20.13412097266484
12.63131136,1.0003529441769445,-20.260670662211133
12.634217472,1.0003894193434306,-20.387901533404776
12.637123584,1.0004013896424016,-20.51551644686366
12.640028672,1.0003879440293113,-20.643099152726556
12.642934784,1.0003497980470277,-20.77034499241114
12.645840896,1.0002894087586784,-20.896882320452736
12.648747008,1.0002103261864712,-21.02243344835378
12.65165312,1.0001175819571668,-21.146736178951553
12.654558208,1.000016680132252,-21.269647937344956
12.65746432,0.9999141573674654,-21.391102348719485
12.660370432,0.9998163356745998,-21.511111528342212
12.663276544,0.9997293816167856,-21.629763491653737
12.666182656,0.9996587770509262,-21.747264202785754
12.669088768,0.9996089520189745,-21.863910184026512
12.671993856,0.9995832719846145,-21.97997560478297
12.674899968,0.9995833174533086,-22.095875184821764
12.67780608,0.999609190663013,-22.211942679648057
12.680712192,0.9996594978790019,-22.328548087951482
12.683618304,0.9997308783300485,-22.446032142207947
12.686523392,0.9998192635414651,-22.564668085723373
12.689429504,0.9999190771521783,-22.684651396431406
12.692335616,1.000023990398326,-22.8061174394742
12.695241728,1.0001274879378814,-22.929079867418302
12.69814784,1.00022316609068,-23.053517696495557
12.701052928,1.0003048560613899,-23.179210608265137
12.70395904,1.0003676024040287,-23.30597776941992
12.706865152,1.00040713608047,-23.433494987082515
12.709771264,1.0004211145876818,-23.561409692232417
12.712677376,1.0004084007176908,-23.68934827614347
12.715583488,1.0003697541698906,-23.816912539264198
12.718488576,1.0003075478542789,-23.94379378570481
12.721394688,1.000225381923378,-24.06963622272491
12.7243008,1.000128606889455,-24.194187151636775
12.727206912,1.0000230792563016,-24.317293063712945
12.730113024,0.9999154353518931,-24.43885716411631
12.733018112,0.9998122026247237,-24.558915154113045
12.735924224,0.9997201726967869,-24.677539819133028
12.738830336,0.9996449559534958,-24.79496222461337
12.741736448,0.9995914041411226,-24.91145090081264
12.74464256,0.9995630656082802,-25.02734967781588
12.747547648,0.9995616222307758,-25.142992012739896
12.75045376,0.9995874352397183,-25.258832630366857
12.753359872,0.999638881278117,-25.375205915429255
12.756265984,0.9997128891250724,-25.49249722227694
12.759172096,0.9998048824594777,-25.610961780206182
12.762078208,0.9999091907495576,-25.73085584323955
12.764983296,1.0000193450314998,-25.85230776982881
12.767889408,1.0001283970338926,-25.975343299602308
12.77079552,1.0002295238484367,-26.099904628067716
12.773701632,1.0003163324986555,-26.22584142722295
12.776607744,1.0003834029428984,-26.352883336288247
12.779512832,1.0004263674753815,-26.480750868620937
12.782418944,1.0004425064529323,-26.609070726937045
12.785325056,1.0004306376179246,-26.737409810218537
12.788231168,1.0003914390498871,-26.865440411449224
12.79113728,1.0003272390203637,-26.992702362013958
12.794042368,1.000241939024675,-27.118925580451705
12.79694848,1.0001408057369885,-27.243807806370366
12.799854592,1.000030148492427,-27.367186571271496
12.802760704,0.9999167561822052,-27.488929226979863
12.805666816,0.9998078743595826,-27.609091681655517
12.808572928,0.999710231419616,-27.727742252786175
12.811478016,0.9996300646058043,-27.845125576408282
12.814384128,0.9995724833724451,-27.96150348671042
12.81729024,0.9995411879122214,-28.07723408650248
12.820196352,0.99953811084731,-28.192689087095
12.823102464,0.9995637524168499,-28.308304623588505
12.826007552,0.9996165590190237,-28.424500606332558
12.828913664,0.9996933310111898,-28.54163209308133
12.831819776,0.9997893594876168,-28.659991435657165
12.834725888,0.9998986087350701,-28.779857679676155
12.837632,1.000014408736884,-28.901329176892887
12.840537088,1.0001294846746953,-29.024478391848707
12.8434432,1.0002364912842088,-29.14927458967604
12.846349312,1.0003289532837147,-29.27548669201062
12.849255424,1.0004007436371454,-29.402912033085233
12.852161536,1.000447369052039,-29.531228668210275
12.855067648,1.0004658782260671,-29.660022068596202
12.857972736,1.000454977195757,-29.788893705354727
12.860878848,1.0004151486725992,-29.917430404976496
12.86378496,1.0003488283035582,-30.045220798933556
12.866691072,1.0002600222192677,-30.171918062469715
12.869597184,1.0001541443050057,-30.297201266764056
12.872502272,1.0000379057543909,-30.42092494608076
12.875408384,0.999918405536962,-30.54294612234327
12.878314496,0.9998031400309374,-30.66325890537536
12.881220608,0.9996995374943041,-30.782007248224847
12.88412672,0.999613852239058,-30.899396633592097
12.887032832,0.9995518398722602,-31.015711828276938
12.88993792,0.9995172263981713,-31.131302837873392
12.892844032,0.9995124393502691,-31.246640944269867
12.895750144,0.999537988897125,-31.36210164421681
12.898656256,0.99959212012452,-31.47813751722704
12.901562368,0.9996719054069775,-31.59514514789722
12.904467456,0.9997722389777872,-31.71344482774345
12.907373568,0.9998869227996579,-31.833299068367687
12.91027968,1.000008891446996,-31.954876784002217
12.913185792,1.0001304541926295,-32.07823259972323
12.916091904,1.0002440061270799,-32.20329716184249
12.918996992,1.0003425243761777,-32.329898835281384
12.921903104,1.0004195975131973,-32.45780616530996
12.924809216,1.000470383411368,-32.58664341076437
12.927715328,1.000491517760882,-32.71604193423285
12.93062144,1.0004816372414425,-32.84553449904385
12.933527552,1.000441097484806,-32.97469377894092
12.93643264,1.0003724824840918,-33.10310014273342
12.939338752,1.0002797764201623,-33.230367170294215
12.942244864,1.0001689140438879,-33.35616927480083
12.945150976,1.0000464821837216,-33.48033113039931
12.948057088,0.999920315030069,-33.602703359750855
12.950962176,0.9997981953436224,-33.723277513131556
12.953868288,0.9996878322103028,-33.8422005358812
12.9567744,0.9995962171943745,-33.95964443960493
12.959680512,0.999529231910688,-34.07595008080296
12.962586624,0.9994911104279064,-34.191488870371685
12.965491712,0.9994843210197806,-34.30671400542057
12.968397824,0.9995096718614485,-34.422054240635525
12.971303936,0.9995654139631397,-34.53797898414019
12.974210048,0.9996483996372856,-34.65492083264457
12.97711616,0.9997534460819346,-34.77321824920276
12.980022272,0.9998740904232261,-34.89314428877855
12.98292736,1.0000028181093346,-35.014885342895525
12.985833472,1.0001315586820643,-35.13850046560042
12.988739584,1.0002523184729843,-35.26394554373758
12.991645696,1.0003574329737128,-35.391024690716804
12.994551808,1.0004402355503563,-35.519516836638495
12.997456896,1.0004954336089262,-35.649012429070204
13.000363008,1.000519562898484,-35.779115223774
13.00326912,1.000510772403571,-35.909365680949364
13.006175232,1.0004696832809525,-36.03927940975148
13.009081344,1.0003985291122715,-36.16844037525846
13.011986432,1.0003016909327072,-36.296384621961565
13.014892544,1.0001850733393265,-36.42283273322648
13.017798656,1.0000559918112473,-36.547516772248066
13.020704768,0.9999224399773204,-36.67033437254538
13.02361088,0.9997927546163564,-36.791257649808415
13.026516992,0.9996751185939975,-36.91041929988242
13.02942208,0.9995767745730382,-37.02801124341771
13.032328192,0.9995043402945901,-37.144370654374384
13.035234304,0.9994622764985526,-37.25991952146928
13.038140416,0.9994534002708083,-37.375079514841644
13.041046528,0.9994783407770108,-37.490361338194475
13.043951616,0.9995358732566552,-37.606243966045476
13.046857728,0.9996223242701489,-37.72315422361687
13.04976384,0.999732551218371,-37.841502032670896
13.052669952,0.9998596923992638,-37.96157972292136
13.055576064,0.9999958798613445,-38.08357800518973
13.058481152,1.0001326162473936,-38.207560285259
13.061387264,1.0002611034877102,-38.33347781604878
13.064293376,1.0003736088737745,-38.46115494692815
13.067199488,1.0004628520065484,-38.59032859569826
13.0701056,1.0005230933584506,-38.72062347928355
13.073011712,1.0005503720361852,-38.85156974228271
13.0759168,1.0005429064826035,-38.98271830779081
13.078822912,1.0005011405469344,-39.11354490685984
13.081729024,1.0004272277966382,-39.24356440493141
13.084635136,1.0003257998807775,-39.372355638317515
13.087541248,1.0002029954869058,-39.499566420085735
13.090446336,1.0000665200723833,-39.62493707662857
13.093352448,0.9999247344103261,-39.748299521900385
13.09625856,0.9997867137508863,-39.869686374206104
13.099164672,0.9996610024989485,-39.98917402782413
13.102070784,0.9995554881082178,-40.10700132076583
13.104976896,0.9994769784994245,-40.22350250574572
13.107881984,0.9994304687146497,-40.33909961855176
13.110788096,0.9994191047293582,-40.45427904667867
13.113694208,0.9994438193943186,-40.56955689987462
13.11660032,0.9995030195449882,-40.68543271938987
13.119506432,0.9995934775760167,-40.80241877688252
13.12241152,0.9997092867428921,-40.92089858227051
13.125317632,0.99984365896924,-41.041196242369224
13.128223744,0.9999881083554888,-41.16354493139255
13.131129856,1.0001335257831232,-41.28798328919134
13.134035968,1.0002709598028088,-41.41449694753162
13.136941056,1.0003915496201068,-41.54291205894937
13.139847168,1.0004878099634698,-41.67292889811583
13.14275328,1.000553527070188,-41.804157128595065
13.145659392,1.000584593175122,-41.936149026394126
13.148565504,1.0005785043106619,-42.06833131505364
13.151471616,1.0005358644123707,-42.200237761571124
13.154376704,1.000459003955373,-42.33131229426523
13.157282816,1.000352487263071,-42.46110228389597
13.160188928,1.0002228962330966,-42.58923708919369
13.16309504,1.0000782588643304,-42.71542542012623
13.166001152,0.9999275795823274,-42.839489730370815
13.16890624,0.9997801407170538,-42.96144169818345
13.171812352,0.999645380231459,-43.08139264160639
13.174718464,0.9995317738811557,-43.19954921523756
13.177624576,0.9994464466884425,-43.316264259786536
13.180530688,0.9993950068492186,-43.43199632585599
13.183435776,0.9993808650428134,-43.547268439869754
13.186341888,0.9994051312733422,-43.66263768274481
13.189248,0.9994664378636334,-43.778621197122085
13.192154112,0.9995610472812158,-43.895733832524115
13.195060224,0.9996832962622031,-44.01441735799696
13.197966336,0.9998255417039716,-44.13504397008336
13.200871424,0.9999790945290289,-44.25784099614912
13.203777536,1.000134198740984,-44.38286764271573
13.206683648,1.0002813731683224,-44.5101349681072
13.20958976,1.0004111251930181,-44.63943930608684
13.212495872,1.000515333597137,-44.77045947619774
13.21540096,1.0005873052169678,-44.90282845915531
13.218307072,1.0006223521487627,-45.03599730119436
13.221213184,1.0006181015725466,-45.1694556688339
13.224119296,1.0005745759727476,-45.302614227204955
13.227025408,1.0004944471154729,-45.434933012801636
13.229930496,1.0003822933432995,-45.565948859948755
13.232836608,1.0002451019673355,-45.69517711928063
13.23574272,1.0000913178446347,-45.822357117602046
13.238648832,0.999930594684117,-45.94730680301898
13.241554944,0.9997728241789494,-46.06999573864504
13.244461056,0.9996279399826913,-46.19050447444727
13.247366144,0.9995052557589035,-46.309110295407116
13.250272256,0.999412358411691,-46.42618315675333
13.253178368,0.9993554079997007,-46.542164617666266
13.25608448,0.999338210548774,-46.65763065651775
13.258990592,0.9993619453034516,-46.77313629403327
13.26189568,0.999425338555564,-46.88930603189976
13.264801792,0.9995247211863478,-47.00663188804137
13.267707904,0.999654037963923,-47.12565352456564
13.270614016,0.9998051341205941,-47.24674623072119
13.273520128,0.9999688996167817,-47.3701099114569
13.276425216,1.0001349085050315,-47.495891638129464
13.279331328,1.0002928729446556,-47.624064489770994
13.28223744,1.0004328779916978,-47.75444645299105
13.285143552,1.0005458903859854,-47.88669169523631
13.288049664,1.000624871054447,-48.02039065124344
13.290955776,1.0006645707550375,-48.15500405969425
13.293860864,1.00066225678445,-48.289941364704795
13.296766976,1.0006179548760825,-48.424640119090995
13.299673088,1.0005341608374696,-48.558448835371415
13.3025792,1.0004157352329055,-48.69088417379714
13.305485312,1.000270168906839,-48.821463862325984
13.3083904,1.0001062797405162,-48.94984803408933
13.311296512,0.9999341953556649,-49.07586778655245
13.314202624,0.9997647584228754,-49.19946192360992
13.317108736,0.9996086420083867,-49.32072679904506
13.320014848,0.9994755904635062,-49.43992757175614
13.32292096,0.99937421429945,-49.557451659461755
13.325826048,0.9993110093074508,-49.67381910375048
13.32873216,0.9992901396052914,-49.7895782558303
13.331638272,0.9993132063943122,-49.90537605418484
13.334544384,0.9993790127429568,-50.02182228295351
13.337450496,0.9994835874987914,-50.13953690970841
13.340355584,0.9996206590445854,-50.25899620144712
13.343261696,0.9997817689743584,-50.38066922577912
13.346167808,0.9999569462620104,-50.50478987870086
13.34907392,1.0001351813670243,-50.63151055987218
13.351980032,1.000305433454545,-50.76080991112849
13.35488512,1.0004569721626844,-50.892466792639866
13.357791232,1.000580058171123,-51.02619930174727
13.360697344,1.0006670081996847,-51.16149500773482
13.363603456,1.0007119090121586,-51.29783938086715
13.366509568,1.0007119224586203,-51.4345602989334
13.36941568,1.0006666994481128,-51.57105767870998
13.372320768,1.0005788624841383,-51.70665737861287
13.37522688,1.0004535728653396,-51.84079405549207
13.378132992,1.0002984409317295,-51.97299549997654
13.381039104,1.000123077495634,-52.10286001915939
13.383945216,0.9999383469598978,-52.23018982476379
13.386850304,0.9997558338136207,-52.35490475048162
13.389756416,0.9995868357686686,-52.47713034473632
13.392662528,0.9994421656487806,-52.597114997612586
13.39556864,0.9993311506643373,-52.71530189454069
13.398474752,0.9992607627184134,-52.83216648162533
13.40137984,0.9992357079841515,-52.94839283684999
13.404285952,0.9992580505600134,-53.0646048223605
13.407192064,0.999326345100259,-53.18150137484374
13.410098176,0.9994367517439487,-53.29970498377655
13.413004288,0.9995826829869607,-53.41981221546755
13.4159104,0.9997549492989677,-53.54224011276894
13.418815488,0.9999429601518729,-53.66732226901844
13.4217216,1.0001350360102057,-53.79520935816451
13.424627712,1.0003192552094773,-53.92586482279494
13.427533824,1.000483790656295,-54.05912323233871
13.430439936,1.0006183713232624,-54.194613265977296
13.433345024,1.000714344090995,-54.3318538048614
13.436251136,1.000765444326156,-54.47024773820037
13.439157248,1.000768150768873,-54.609108311964796
13.44206336,1.0007219726324401,-54.74777388170891
13.444969472,1.0006295800995175,-54.88550621532465
13.44787456,1.000496482781102,-55.02172142446091
13.450780672,1.0003305757538425,-55.15587269656562
13.453686784,1.0001424065345843,-55.28752938082203
13.456592896,0.9999432601335839,-55.416464606637874
13.459499008,0.999745757334838,-55.54261489706137
13.46240512,0.999562176018911,-55.66604173423398
13.465310208,0.9994043058429,-55.787061982447796
13.46821632,0.9992820766000962,-55.906082202182404
13.471122432,0.9992033672903509,-56.023678578044404
13.474028544,0.9991736734791251,-56.1405431252671
13.476934656,0.9991948220077175,-56.257369189282926
13.479839744,0.9992660456507547,-56.37487786892621
13.482745856,0.9993830452818141,-56.49379568586915
13.485651968,0.9995387588473011,-56.61473392155967
13.48855808,0.9997237047651981,-56.73817112476101
13.491464192,0.9999264076729076,-56.86445924871397
13.49436928,1.0001343490936918,-56.99380848062765
13.497275392,1.0003343407495753,-57.12616497525562
13.500181504,1.0005140148893787,-57.26134589159234
13.503087616,1.0006616791814635,-57.3989864219165
13.505993728,1.0007679853856497,-57.53855748134427
13.50889984,1.0008260674226155,-57.67943118373725
13.511804928,1.0008320154260657,-57.82088484439293
13.51471104,1.0007850102883677,-57.962148496775875
13.517617152,1.0006875048632133,-58.102481478057314
13.520523264,1.0005456392934151,-58.24121629355827
13.523429376,1.0003676389636442,-58.37773071926351
13.526334464,1.0001645600152855,-58.5116000743819
13.529240576,0.9999490417151082,-58.64254643908487
13.532146688,0.9997343461219219,-58.770459427121345
13.5350528,0.9995340949924754,-58.895437885599854
13.537958912,0.9993609713489905,-59.0177720790321
13.540864,0.9992257826043719,-59.137931376430885
13.543770112,0.9991375908688948,-59.256529306867876
13.546676224,0.9991021651868478,-59.37425540772581
13.549582336,0.9991219591890007,-59.49192740542832
13.552488448,0.9991962863240005,-59.61031568579417
13.55539456,0.9993206470334591,-59.73018978151793
13.558299648,0.99948765092639,-59.85223635660666
13.56120576,0.9996870800541977,-59.97696468531328
13.564111872,0.9999066378891829,-60.10482290245052
13.567017984,1.0001326080000459,-60.235981522255344
13.569924096,1.0003509357963496,-60.37043488429475
13.572829184,1.0005477973551828,-60.50798241541254
13.575735296,1.0007106689062126,-60.648255115169945
13.578641408,1.0008291606320168,-60.790674614126985
13.58154752,1.0008955569029794,-60.93458774016842
13.584453632,1.0009053095712044,-61.07916182221918
13.587359744,1.000857388172886,-61.22361044870032
13.590264832,1.0007543370906182,-61.367114181945986
13.593170944,1.000602311617443,-61.5089275276544
13.596077056,1.0004104836434549,-61.64837646603855
13.598983168,1.0001904430705886,-61.78497282123385
13.60188928,0.9999558350923478,-61.918398477224045
13.604794368,0.9997214858794934,-62.04855210367135
13.60770048,0.9995017974835713,-62.175508772044104
13.610606592,0.9993107782377586,-62.2995728536684
13.613512704,0.9991607137325208,-62.42123009040645
13.616418816,0.9990613041267274,-62.54115126300799
13.619323904,0.9990189697549972,-62.6601030529998
13.622230016,0.9990371097531614,-62.778930057797595
13.625136128,0.9991147885695282,-62.898517242634384
13.62804224,0.9992475160098726,-63.0196975971175
13.630948352,0.9994274454454821,-63.143200484466746
13.633854464,0.9996435458342583,-63.26964749299589
13.636759552,0.999882533360226,-63.399476706403846
13.639665664,1.0001296391455001,-63.5329292980218
13.642571776,1.0003691027248218,-63.67001293581209
13.645477888,1.0005861652120178,-63.81052086036201
13.648384,1.0007667977589458,-63.95405037230862
13.651289088,1.0008996001903363,-64.10000003359181
13.6541952,1.0009757648245323,-64.24762139735445
13.657101312,1.0009900981668847,-64.39604037407716
13.660007424,1.0009414041944462,-64.54441848931114
13.662913536,1.000832025771867,-64.69181409367992
13.665818624,1.0006684539979105,-64.8374392901719
13.668724736,1.000460483982894,-64.98053879288553
13.671630848,1.0002208436330715,-65.12054839227716
13.67453696,0.999964262905305,-65.25713313250498
13.677443072,0.9997066292266764,-65.39013479226192
13.680349184,0.9994642294572795,-65.51963925123768
13.683254272,0.9992523803551763,-65.64594963592509
13.686160384,0.9990845288293775,-65.76961585714041
13.689066496,0.9989716648237897,-65.89132456092537
13.691972608,0.9989213499826389,-66.01194459284302
13.69487872,0.9989370721344443,-66.13238831427886
13.697783808,0.9990183675162315,-66.25362395273137
13.70068992,0.9991608490082481,-66.37654725380573
13.703596032,0.9993556566827557,-66.50202029527404
13.706502144,0.9995912468027139,-66.63069690091821
13.709408256,0.9998528243125917,-66.76310441008668
13.712313344,1.000124431854016,-66.89949364232669
13.715219456,1.0003889084754214,-67.03990023269074
13.718125568,1.0006296428658383,-67.18413051376139
13.72103168,1.0008314615282226,-67.33172167538218
13.723937792,1.0009812229878996,-67.48206419368226
13.726843904,1.0010691522558894,-67.63432596782457
13.729748992,1.0010893209139116,-67.7875728030913
13.732655104,1.001039823126091,-67.94083597914059
13.735561216,1.000923296273064,-68.09312436776578
13.738467328,1.0007463428172163,-68.24352102061366
13.74137344,1.0005195873313038,-68.39122084222717
13.744278528,1.0002568600885,-68.53556700631758
13.74718464,0.9999743703370193,-68.67617609611564
13.750090752,0.9996894058595016,-68.81285552416686
13.752996864,0.9994201092709407,-68.94569110821044
13.755902976,0.9991833303503943,-69.07499553297107
13.758808064,0.9989944076697387,-69.2013592061838
13.761714176,0.9988654580496236,-69.32552236843479
13.764620288,0.998805023651429,-69.44843484925019
13.7675264,0.9988176131593731,-69.5711088005959
13.770432512,0.9989030468697988,-69.69459553503546
13.773338624,0.9990564276850248,-69.81993410772607
13.776243712,0.9992686953725027,-69.94804696109888
13.779149824,0.9995270732964813,-70.07969923025472
13.782055936,0.9998155169400694,-70.2154765960768
13.784962048,1.0001162056026436,-70.35567599797682
13.78786816,1.0004104334683233,-70.50037970691731
13.790773248,1.000679540266003,-70.64937004028654
13.79367936,1.0009066253299297,-70.80215888806605
13.796585472,1.0010767369278575,-70.95806995903274
13.799491584,1.0011791603483104,-71.1162149796735
13.802397696,1.0012066079490196,-71.27556394932839
13.805303808,1.0011566727089343,-71.43505153160729
13.808208896,1.001031882439916,-71.59355020984816
13.811115008,1.000839423196534,-71.75005270280398
13.81402112,1.0005905116697773,-71.90365170399461
13.816927232,1.0003003918158664,-72.0536201643372
13.819833344,0.9999868241002203,-72.19947483541743
13.822738432,0.9996693425366543,-72.3409963585057
13.825644544,0.9993675524823966,-72.4782545207265
13.828550656,0.9991007739112066,-72.6115947731638
13.831456768,0.9988860809919375,-72.74161973813953
13.83436288,0.9987372095106006,-72.86917127378321
13.837267968,0.9986644119031572,-72.99527415097918
13.84017408,0.998672795500007,-73.12106917959626
13.843080192,0.998762523838987,-73.24770994589633
13.845986304,0.9989287043615511,-73.37641125053786
13.848892416,0.9991614999119909,-73.5081322673631
13.851798528,0.9994468433047315,-73.64380777245992
13.854703616,0.9997674211253997,-73.78409691762306
13.857609728,1.000103141768646,-73.9293575484428
13.86051584,1.000433302704936,-74.07967527336162
13.863421952,1.0007368915421104,-74.23488011414254
13.866328064,1.0009946216376204,-74.39440991949607
13.869233152,1.0011900549081012,-74.55755613378494
13.872139264,1.0013102650830537,-74.72332631717353
13.875045376,1.0013469962600645,-74.89058404177517
13.877951488,1.0012970439189413,-75.05812496247447
13.8808576,1.0011629610730104,-75.22471428471296
13.883762688,1.0009519408461995,-75.38918942343011
13.8866688,1.000676632241801,-75.55053921044639
13.889574912,1.0003535353933326,-75.7078970285909
13.892481024,1.0000025751191002,-75.86074329710232
13.895387136,0.9996450475618757,-76.00878965344518
13.898293248,0.9993037816836879,-76.152055438797
13.901198336,0.9990000680265392,-76.29092888808155
13.904104448,0.9987534631881093,-76.42605953490245
13.90701056,0.9985798748367687,-76.55837558674051
13.909916672,0.9984911478101529,-76.6890355943484
13.912822784,0.9984936533359686,-76.81926109636957
13.915727872,0.9985879415518695,-76.95042759950377
13.918633984,0.9987689577291442,-77.08382231411385
13.921540096,0.9990263929103281,-77.22064811675074
13.924446208,0.999344532455417,-77.3619073605082
13.92735232,0.9997040291565036,-77.50835002122966
13.930257408,1.0000826250074755,-77.66046852170103
13.93316352,1.0004567945801843,-77.81837569884557
13.936069632,1.0008029142494952,-77.98186327930433
13.938975744,1.0010989970708266,-78.15040651926294
13.941881856,1.0013260345274053,-78.32317257936828
13.944787968,1.001468929027092,-78.4990725236592
13.947693056,1.0015179840905621,-78.67682981727619
13.950599168,1.0014689540504724,-78.85510114124506
13.95350528,1.0013239389839272,-79.03248565520352
13.956411392,1.0010909172732931,-79.20767184357703
13.959317504,1.0007834529720794,-79.37943726430785
13.962222592,1.000420022758453,-79.54686293875127
13.965128704,1.0000227159760204,-79.70927173856387
13.968034816,0.9996159282920021,-79.866299940872
13.970940928,0.9992251752996448,-80.01797621761612
13.97384704,0.9988750274739194,-80.16467708643331
13.976752128,0.9985880851585304,-80.3071134515288
13.97965824,0.9983828298942985,-80.44634661417732
13.982564352,0.9982731948013502,-80.58360751173014
13.985470464,0.9982670297450699,-80.72036016274353
13.988376576,0.9983658705401849,-80.85812288465299
13.991282688,0.9985645468402776,-80.99837745092756
13.994187776,0.998851503913775,-81.14252081526631
13.997093888,0.9992097980217527,-81.29172032167124
14.0,0.9996176630757981,-81.44689540465232
