freq,mag,phase
6.0,0.9993539054547247,-174.18640939553777
6.002286592,0.9994486301317796,-174.32885101679443
6.004572672,0.99957897328182,-174.47283715552513
6.006859264,0.9997366311252069,-174.61890333177763
6.009145344,0.9999114239862584,-174.76732769979586
6.011431936,1.0000926527285432,-174.91826385732702
6.013718016,1.000268552538183,-175.07176816751
6.016004608,1.000427933904731,-175.2276444902937
6.018290688,1.0005607697191177,-175.3856205691416
6.02057728,1.0006587981637218,-175.54519650761057
6.022863872,1.0007155615525727,-175.70584284559993
6.025149952,1.0007274718146018,-175.8669516877952
6.027436544,1.0006939052037613,-176.02788635927513
6.029722624,1.0006167931025132,-176.18791302885765
6.032009216,1.0005012450617927,-176.34652985150103
6.034295296,1.000354291195578,-176.50318651140506
6.036581888,1.0001853780333436,-176.65749075385872
6.03886848,1.0000050994773044,-176.8092031202421
6.04115456,0.9998250096378941,-176.95822222373695
6.043441152,0.9996563920119477,-177.10466456293327
6.045727232,0.9995101277363412,-177.24879649344484
6.048013824,0.9993953696321034,-177.39094195843217
6.050299904,0.9993193930926191,-177.5316970838418
6.052586496,0.999287272212004,-177.67154271467254
6.054872576,0.9993007702558114,-177.81121836953102
6.057159168,0.9993592509154405,-177.9514025025841
6.05944576,0.9994589852277623,-178.09265344358278
6.06173184,0.9995935997065146,-178.235530946087
6.064018432,0.9997544578717205,-178.3805549066793
6.066304512,0.9999317115417963,-178.52797682537116
6.068591104,1.000113763282267,-178.67793544879368
6.070877184,1.0002893270078936,-178.8304617401383
6.073163776,1.000446900919516,-178.98536714781775
6.075450368,1.0005768984258208,-179.14232652529677
6.077736448,1.0006707937942558,-179.3008041045917
6.08002304,1.0007229319371576,-179.4603180424367
6.08230912,1.0007297271831954,-179.62023933198023
6.084595712,1.0006906939812907,-179.7798582443647
6.086881792,1.0006085427568354,-179.9385555053748
6.089168384,1.0004882466119733,179.9042905747265
6.091454464,1.0003374132205578,179.74914581132006
6.093741056,1.0001657216059798,179.59638210725862
6.096027648,0.9999839389900801,179.4462500316563
6.098313728,0.9998036701774936,179.29880195486612
6.10060032,0.9996361982990137,179.15394488411192
6.1028864,0.9994922930108214,179.01139345701912
6.105172992,0.9993811547927809,178.87073805197602
6.107459072,0.9993097036487856,178.73149756256046
6.109745664,0.9992825182760359,178.59301271752784
6.112032256,0.9993015913915225,178.4546611296757
6.114318336,0.9993653694134124,178.31573522101905
6.116604928,0.9994700155056707,178.17566901718266
6.118891008,0.9996089816164613,178.03380728279424
6.1211776,0.9997732103044846,177.88986614334348
6.12346368,0.9999525217563191,177.74344728545003
6.125750272,1.0001353780694324,177.59447730714587
6.128036352,1.0003101829660381,177.4429001499208
6.130322944,1.0004661254290306,177.28902247125507
6.132609536,1.000592839917232,177.13312062183195
6.134895616,1.0006827439466266,176.97569377718884
6.137182208,1.0007297869759835,176.81734386198204
6.139468288,1.0007311601631146,176.65865409604908
6.14175488,1.000686724614138,176.50033834648042
6.14404096,1.0005993271980946,176.3430392469285
6.146327552,1.0004742829982045,176.1873294529796
6.148614144,1.0003197209977692,176.03369088534305
6.150900224,1.0001453966963771,175.8825303191402
6.153186816,0.99996209356986,175.7340136675662
6.155472896,0.9997817875925435,175.58816445160988
6.157759488,0.9996156877106058,175.44487828951995
6.160045568,0.9994744110978633,175.30390292142403
6.16233216,0.9993670284500044,175.16481638002466
6.16461824,0.9993002812712944,175.0270121907915
6.166904832,0.9992784184653821,174.8899411916894
6.169191424,0.9993029409374549,174.75288735129985
6.171477504,0.9993722745081277,174.61518601333555
6.173764096,0.999481979100113,174.47626958625094
6.176050176,0.9996251473563131,174.33556292292678
6.178336768,0.9997926921574508,174.1926258165502
6.180622848,0.9999738215166173,174.04723796976646
6.18290944,1.0001574591513518,173.89922133443804
6.18519552,1.0003315713311558,173.74866165332108
6.187482112,1.0004852323236475,173.59577101737213
6.189768704,1.0006086535423084,173.44091796010284
6.192054784,1.000694146821904,173.2845781655801
6.194341376,1.0007361797389802,173.1273817712979
6.196627456,1.0007319746068999,172.96995810779543
6.198914048,1.000681896263922,172.81297967550452
6.201200128,1.0005891964963842,172.65711368524015
6.20348672,1.0004594648823963,172.50287242551087
6.205773312,1.0003011051993522,172.3507877758339
6.208059392,1.0001240415936337,172.20117409372565
6.210345984,0.999939633750571,172.0542598879972
6.212632064,0.9997594436016423,171.91006362813167
6.214918656,0.999594827675978,171.7684068944307
6.217204736,0.99945648388479,171.62903652441506
6.219491328,0.9993531648106899,171.49145289469558
6.221777408,0.9992912250742454,171.35514336097003
6.224064,0.9992748796106362,171.21944029604126
6.226350592,0.9993050681310767,171.08372551480142
6.228636672,0.9993798686596551,170.94725395530102
6.230923264,0.999494654041767,170.8094699453749
6.233209344,0.9996421264800527,170.6698537711452
6.235495936,0.999812807010222,170.52797825609147
6.237782016,0.9999959450202397,170.38354117103881
6.240068608,1.000179926831894,170.23652158159544
6.2423552,1.0003531562648071,170.0869489674323
6.24464128,1.0005044499215503,169.93504483354505
6.246927872,1.0006243110889126,169.78124578280097
6.249213952,1.0007052662351537,169.6260447206738
6.251500544,1.0007419303199667,169.47000460227218
6.253786624,1.0007320501794483,169.31386113130105
6.256073216,1.000676355975911,169.15821249509528
6.258359296,1.0005781145244312,169.00373485442353
6.260645888,1.0004438548490997,168.85100427140807
6.26293248,1.0002816848906222,168.7004841401595
6.26521856,1.00010221651641,168.5524966689938
6.267505152,0.999916623089917,168.40721607710006
6.269791232,0.9997366795076874,168.26463379733175
6.272077824,0.9995739010079792,168.12460517518537
6.274363904,0.9994386283751605,167.98680766922953
6.276650496,0.9993394368254667,167.8507931344595
6.278937088,0.9992827830684142,167.71595727924245
6.281223168,0.9992718653433689,167.58163634498578
6.28350976,0.999308046217285,167.44719753794018
6.28579584,0.9993885560382069,167.31199885490477
6.288082432,0.999508479403435,167.175364240975
6.290368512,0.9996600407356164,167.03682343987649
6.292655104,0.9998338388392992,166.89591650366762
6.294941184,1.0000188023780712,166.75250155689727
6.297227776,1.0002030893699494,166.6064319556318
6.299514368,1.0003751106445704,166.4578372719596
6.301800448,1.0005239128599683,166.30693153971276
6.30408704,1.0006400019616772,166.15418792973583
6.30637312,1.0007160469491436,166.00009292840562
6.308659712,1.0007472058457707,165.8452540470803
6.310945792,1.0007315541159154,165.69035404616307
6.313232384,1.0006699798955772,165.5360905733881
6.315518464,1.00056628106292,165.38306203347884
6.317805056,1.0004273119683798,165.23182398342544
6.320091648,1.0002615219837658,165.08290354790515
6.322377728,1.0000794879165253,164.93651869946393
6.32466432,0.9998929566854475,164.79286158429696
6.3269504,0.9997136034045838,164.65193417595995
6.329236992,0.999552703543244,164.5135347779781
6.331523072,0.9994208411334466,164.37735128170155
6.333809664,0.9993261228452542,164.2428495003524
6.336096256,0.9992746585979643,164.1094579159695
6.338382336,0.9992697657118724,163.97652833913986
6.340668928,0.9993118265181864,163.84335299547354
6.342955008,0.9993979587008613,163.70937607784867
6.3452416,0.9995230196125758,163.57389396166514
6.34752768,0.9996789048541375,163.43638714793093
6.349814272,0.9998557431527805,163.2965089808346
6.352100352,1.00004232529845,163.15406720045422
6.354386944,1.000226705574031,163.00896228725054
6.356673536,1.00039733725068,162.86131946748665
6.358959616,1.0005432477018015,162.7114353441026
6.361246208,1.000655318522727,162.5597534572269
6.363532288,1.000726424461761,162.4067434210754
6.36581888,1.0007518352245695,162.25310889547148
6.36810496,1.000730333366804,162.09948141548816
6.370391552,1.0006626448824574,161.94656972967658
6.372678144,1.0005535683999007,161.79499548951853
6.374964224,1.0004097642429115,161.64531350847966
6.377250816,1.0002403969435316,161.49791723052073
6.379536896,1.0000562235300892,161.353180641233
6.381823488,0.9998688777503184,161.21117817177216
6.384109568,0.9996900947175412,161.07189936012318
6.38639616,0.9995315253096299,160.9351360266611
6.38868224,0.9994032618697596,160.80051303339354
6.390968832,0.999313158636139,160.66754141844459
6.393255424,0.9992672299454665,160.53558639287348
6.395541504,0.9992683173932843,160.40403433378614
6.397828096,0.9993165758945974,160.27219209637425
6.400114176,0.9994084431398088,160.13935105530803
6.402400768,0.9995387466234351,160.00498328091984
6.404686848,0.999698651201721,159.86853983567394
6.40697344,0.9998784308241849,159.7296306140505
6.409260032,1.0000664048924635,159.58817268321093
6.411546112,1.0002507709464574,159.44402071546898
6.413832704,1.0004198154566288,159.29732306133613
6.416118784,1.0005627624639721,159.14843163402517
6.418405376,1.000670399436091,158.99776354502885
6.420691456,1.00073630912313,158.84591037946083
6.422978048,1.00075579498114,158.6934818082476
6.425264128,1.0007279054588065,158.54115651881273
6.42755072,1.000654326988934,158.38959276895446
6.429837312,1.0005398217392505,158.2394792011365
6.432123392,1.0003912015356815,158.09129868329669
6.434409984,1.0002183578958148,157.94553679075347
6.436696064,1.0000320572153751,157.80236132792066
6.438982656,0.9998440332511916,157.66204209920562
6.441268736,0.9996664449718469,157.52442510688644
6.443555328,0.999510273486852,157.3892896244269
6.44584192,0.9993857132741979,157.25622461954848
6.448128,0.9993005735429712,157.1247886756701
6.450414592,0.9992603851046186,156.99425838990317
6.452700672,0.9992676839850563,156.86405220886627
6.454987264,0.9993219093503273,156.7334702311542
6.457273344,0.999419873315822,156.60182269298681
6.459559936,0.9995552082955385,156.4685097361131
6.461846016,0.9997193729367216,156.33307301495347
6.464132608,0.9999018310617667,156.19518436409905
6.4664192,1.0000912248223703,156.05460737754566
6.46870528,1.000275263857076,155.9114091381975
6.470991872,1.0004424724357146,155.7656949796491
6.473277952,1.0005821087787563,155.61778304044032
6.475564544,1.000685235699743,155.46816246170573
6.477850624,1.000745550255362,155.31741050481943
6.480137216,1.000759040341138,155.16616923724695
6.482423296,1.000724856742761,155.01511100587987
6.484709888,1.0006451442463433,154.86496888741607
6.48699648,1.0005250106561159,154.7162538241024
6.48928256,1.0003719604330261,154.56962568167714
6.491569152,1.0001955829768698,154.42544652946967
6.493855232,1.0000072160138906,154.2839639910431
6.496141824,0.9998187266651708,154.14527945854695
6.498427904,0.9996422947755416,154.00929164218354
6.500714496,0.9994888928007464,153.87577032189486
6.503001088,0.9993683583735864,153.74428790792533
6.505287168,0.999288517014606,153.61430111851666
6.50757376,0.999254311594456,153.485259713697
6.50985984,0.9992679275800144,153.3563693940399
6.512146432,0.9993285205996203,153.2270059384371
6.514432512,0.9994324330720081,153.09648892532354
6.516719104,0.9995729006770273,152.96426490616284
6.519005184,0.9997410186050034,152.8298173823575
6.521291776,0.999926261010817,152.69288261573428
6.523578368,1.0001166585232786,152.55324518632233
6.525864448,1.0003001771044997,152.41094575616142
6.52815104,1.000465236120462,152.2661299605221
6.53043712,1.0006014219444974,152.11920200163897
6.532723712,1.0006998172094874,151.97060892429627
6.535009792,1.000754403582253,151.82097221612136
6.537296384,1.0007616207234749,151.67093820790805
6.539582976,1.0007208950818576,151.52115221966304
6.541869056,1.0006350385432798,151.3723902571231
6.544155648,1.0005091515157853,151.22514864802645
6.546441728,1.0003515080475311,151.0800832483695
6.54872832,1.0001717684529692,150.93749707995795
6.5510144,0.9999816341436393,150.79763910155367
6.553300992,0.9997931096510447,150.66058426866067
6.555587072,0.9996180176800838,150.52625163805672
6.557873664,0.9994677031061375,150.39432627339053
6.560160256,0.9993513051433494,150.26439520733362
6.562446336,0.9992770179075497,150.1359177714702
6.564732928,0.9992488368169166,150.00824279452016
6.567019008,0.9992690346620468,149.8806561593709
6.5693056,0.9993361119047091,149.75251480251595
6.57159168,0.999446028071371,149.62311606608642
6.573878272,0.9995915686011132,149.49193422004333
6.576164864,0.9997636658751373,149.35845389689672
6.578450944,0.9999512306660109,149.2224253848421
6.580737536,1.0001425281969345,149.08369291897728
6.583023616,1.0003254431518172,148.9422793554024
6.585310208,1.0004882877117072,148.79841077887212
6.587596288,1.0006205106010615,148.65243879615014
6.58988288,1.0007137221953226,148.50488615488229
6.59216896,1.0007623997431623,148.35634633624707
6.594455552,1.0007632605199939,148.20746426306863
6.596742144,1.0007159762151778,148.05900043009248
6.599028224,1.0006237470996409,147.9115730693244
6.601314816,1.0004922159527065,147.76585870553097
6.603600896,1.0003300987215438,147.622294092062
6.605887488,1.000147335688517,147.48130031577574
6.608173568,0.9999554521892883,147.34309372002102
6.61046016,0.9997668211238175,147.20766171452655
6.612746752,0.9995933535184203,147.074964762833
6.615032832,0.9994462498530584,146.94464491522697
6.617319424,0.9993346728634547,146.81623409186727
6.619605504,0.9992658081790337,146.68922367702572
6.621892096,0.999244213977714,146.56291557033458
6.624178176,0.9992710864590193,146.43661699533854
6.626464768,0.9993447376810695,146.30962823090252
6.628750848,0.9994604784805984,146.18133108865254
6.63103744,0.9996112350373028,146.05115795024952
6.633324032,0.9997871248391601,145.9186194828596
6.635610112,0.9999771159021666,145.78349582405824
6.637896704,1.0001691454857615,145.64563940214606
6.640182784,1.0003510642272215,145.50511097894093
6.642469376,1.0005111707399996,145.36211901289585
6.644755456,1.000639291286877,145.21710126670308
6.647042048,1.000727352771174,145.07055503961567
6.649328128,1.0007697697880107,144.92310080476435
6.65161472,1.0007639271059587,144.77541302877563
6.653901312,1.000709946263226,144.6282639753905
6.656187392,1.0006113617485566,144.4822233951502
6.658473984,1.0004743942668097,144.33795718740788
6.660760064,1.000307626026862,144.19590965273517
6.663046656,1.000121856977091,144.0565415808671
6.665332736,0.9999284637133912,143.9199504493713
6.667619328,0.9997401930945453,143.78616698031774
6.66990592,0.9995686959937362,143.6550722309945
6.672192,0.9994251223767305,143.52633536987912
6.674478592,0.9993184460669675,143.3994250433059
6.676764672,0.9992554290901474,143.27386481693887
6.679051264,0.9992402615769094,143.14892221250545
6.681337344,0.9992739447680455,143.0238737805434
6.683623936,0.9993542261693471,142.89804781855287
6.685910016,0.9994762264874718,142.7707859173164
6.688196608,0.9996319064754844,142.64157721307237
6.6904832,0.9998115391496607,142.50994997406295
6.69276928,1.000003842767323,142.37570067300703
6.695055872,1.0001962970647325,142.2386756026607
6.697341952,1.0003768364556966,142.09896671188156
6.699628544,1.0005340931778164,141.9568509320267
6.701914624,1.0006577904120697,141.81277513389648
6.704201216,1.000740449097566,141.6672356672534
6.706487808,1.000776494350085,141.52087117857494
6.708773888,1.000763663333773,141.3743991105798
6.71106048,1.0007029259441425,141.22847562697123
6.71334656,1.0005979765546105,141.08382772126168
6.715633152,1.0004553596945158,140.94102903705604
6.717919232,1.0002842601043713,140.8005301537115
6.720205824,1.0000954620582516,140.6627513858461
6.722491904,0.9999010051260616,140.52774843324164
6.724778496,0.9997131716081116,140.3956043036026
6.727065088,0.9995439032471538,140.266121661666
6.729351168,0.9994040913120447,140.13895458082868
6.73163776,0.9993025697109341,140.01353996994627
6.73392384,0.9992458078012896,139.889374313218
6.736210432,0.9992374767979187,139.76572329193615
6.738496512,0.9992781064638714,139.64191542505733
6.740783104,0.9993652033424272,139.51718953621494
6.743069696,0.9994930745034029,139.3909581886272
6.745355776,0.999653732723074,139.26268063938437
6.747642368,0.9998369155217183,139.1319484539181
6.749928448,1.0000310670351478,138.99851123603983
6.75221504,1.0002239365310357,138.86230680897862
6.75450112,1.0004028885331653,138.72343232046612
6.756787712,1.000556932240742,138.58221589305845
6.759073792,1.000676006922551,138.43902864711995
6.761360384,1.0007528018016483,138.29447013961885
6.763646976,1.0007822694482273,138.1491831912152
6.765933056,1.0007624287519479,138.00387023423252
6.768219648,1.0006947210111325,137.85923684389235
6.770505728,1.0005831998777497,137.71598471431696
6.77279232,1.0004351158790816,137.57464081232723
6.7750784,1.000259787273194,137.43568820893196
6.777364992,1.0000682120341335,137.2994765814917
6.779651584,0.9998728790882411,137.16608097170908
6.781937664,0.9996857394370842,137.03554094635294
6.784224256,0.9995190148626587,136.9076407769158
6.786510336,0.9993833108541468,136.78199232013742
6.788796928,0.999287171653432,136.65809248523829
6.791083008,0.9992368288261125,136.53528358103515
6.7933696,0.9992354971190698,136.41291497399212
6.79565568,0.9992830981580116,136.2902886542308
6.797942272,0.9993769847696508,136.16665426780665
6.800228864,0.9995111294165175,136.04140443911564
6.802514944,0.9996765463406431,135.91401194726757
6.804801536,0.9998633215795334,135.7841083251519
6.807087616,1.000059238668208,135.65149834442536
6.809374208,1.0002518778276344,135.51604830800383
6.811660288,1.0004291437332633,135.37797978885797
6.81394688,1.0005796329455667,135.23758672163507
6.81623296,1.0006937982103499,135.09531754132922
6.818519552,1.000764460391293,134.95173050426826
6.820806144,1.0007870327323811,134.80751961528102
6.823092224,1.0007600935243601,134.66337215907626
6.825378816,1.000685376690728,134.52003891247645
6.827664896,1.0005674201859631,134.37812179234632
6.829951488,1.0004138153213797,134.23824039533602
6.832237568,1.000234340309217,134.1008113948748
6.83452416,1.0000402516515772,133.96617225777692
6.836810752,0.9998440751069732,133.83439570945617
6.839096832,0.9996579091840158,133.7054568874934
6.841383424,0.9994941757836344,133.57910315776437
6.843669504,0.9993628214462404,133.454979962644
6.845956096,0.9992724409158645,133.33252690375858
6.848242176,0.9992287927750345,133.21105869510058
6.850528768,0.9992345746112582,133.08996862301385
6.852814848,0.9992894092098624,132.96845127672924
6.85510144,0.9993901278386256,132.84583284975034
6.857388032,0.9995301779144343,132.72153934377855
6.859674112,0.9997004686886259,132.5950120132875
6.861960704,0.999890529581977,132.46589967563114
6.864246784,1.0000878908077513,132.3340462523334
6.866533376,1.000280397302783,132.1994037097399
6.868819456,1.0004556169155587,132.06210264899974
6.871106048,1.0006022800358751,131.9225407654618
6.87339264,1.0007113012285749,131.78109910383645
6.87567872,1.0007754583035906,131.63849778363272
6.877965312,1.0007910224225032,131.49534642555554
6.880251392,1.0007567366195644,131.35236318320605
6.882537984,1.000674704742356,131.21028118692206
6.884824064,1.0005503758043435,131.06975692468487
6.887110656,1.0003912565347917,130.93130218941073
6.889396736,1.0002078202142966,130.79542720874184
6.891683328,1.000011416748766,130.66230900983243
6.89396992,0.9998147441135004,130.53211791499177
6.896256,0.9996301140759024,130.4047798480243
6.898542592,0.999469332699337,130.2799747171252
6.900828672,0.9993427468163046,130.15735386621478
6.903115264,0.9992581534438261,130.03628368022714
6.905401344,0.9992213786102339,129.9161304924177
6.907687936,0.9992345734576991,129.79623854629932
6.909974528,0.9992970911026815,129.67583321141473
6.912260608,0.9994045235282729,129.55423029583181
6.9145472,0.9995504352583492,129.43082677202506
6.91683328,0.9997255836107657,129.30512679080366
6.919119872,0.9999187212643057,129.1768028686774
6.921405952,1.0001174369216084,129.04565819156733
6.923692544,1.0003092915352096,128.91170776424065
6.925978624,1.0004819702900654,128.775164477329
6.928265216,1.0006245808454761,128.63635984623087
6.930551808,1.0007280864903314,128.4958327207879
6.932837888,1.000785683551397,128.35416323536097
6.93512448,1.000793986113753,128.2120725925199
6.93741056,1.0007522779710212,128.07026280171962
6.939697152,1.000662981589944,127.92941983125657
6.941983232,1.0005322000826262,127.79026143129775
6.944269824,1.0003677982904151,127.6532581298688
6.946555904,1.0001804653819966,127.51884406498328
6.948842496,0.9999819581039963,127.3873199680996
6.951129088,0.9997849253165547,127.25872515629881
6.953415168,0.9996019533151874,127.13290270269673
6.95570176,0.9994446684635463,127.00965481350123
6.95798784,0.9993230270582983,126.88844802069606
6.960274432,0.999244816454034,126.76875148518883
6.962560512,0.9992150640180703,126.64991596942572
6.964847104,0.9992358758157116,126.5311927924535
6.967133696,0.9993056767613533,126.4118332051905
6.969419776,0.9994202824959248,126.29116437667716
6.971706368,0.99957196964299,126.16864343539429
6.973992448,0.9997517018917403,126.04373624243861
6.97627904,0.9999476604370018,125.91613783607971
6.97856512,1.0001475502779167,125.78566485862635
6.980851712,1.0003384869232772,125.6524349823645
6.983137792,1.0005084817759162,125.51661393324555
6.985424384,1.0006466992501255,125.37858480340392
6.987710976,1.0007442788034469,125.23890075955576
6.989997056,1.0007951110255522,125.09814507371932
6.992283648,1.0007957921948276,124.95709703993491
6.994569728,1.000746442706847,124.81640474587692
6.99685632,1.000649990739596,124.67686224994601
6.9991424,1.0005126671994025,124.53901009256823
7.001428992,1.0003432019638623,124.40344035852341
7.003715584,1.0001520011899465,124.27057830096352
7.006001664,0.9999516335733521,124.14057504067785
7.008288256,0.9997547889898415,124.01348440449532
7.010574336,0.9995737354325853,123.88923897491358
7.012860928,0.9994200572941471,123.7674712114875
7.015147008,0.9993037816237297,123.64770395993924
7.0174336,0.9992321715055338,123.5293671447692
7.01971968,0.9992098928437392,123.41175352629928
7.022006272,0.9992383604703705,123.2941450666877
7.024292864,0.9993156550346716,123.17582265880769
7.026578944,0.999437081529879,123.0560885213517
7.028865536,0.9995949125172391,122.93436788196435
7.031151616,0.9997789406745115,122.81016975359007
7.033438208,0.9999776166144968,122.68327019724504
7.035724288,1.0001781031482293,122.55346008486468
7.03801088,1.0003679871114257,122.4209021786227
7.040297472,1.0005349720440724,122.28578378055713
7.042583552,1.000668325592638,122.14849391232013
7.044870144,1.0007598959189832,122.0096182777032
7.047156224,1.0008034972659552,121.86980454416745
7.049442816,1.0007966433653663,121.72977018744034
7.051728896,1.0007394418332447,121.59022358001477
7.054015488,1.000635766157676,121.4518972337472
7.056301568,1.0004918495175201,121.3154318524594
7.05858816,1.0003173138756776,121.18129536182751
7.060874752,1.0001227383446463,121.0498942354262
7.063160832,0.9999206999684187,120.92139943883079
7.065447424,0.9997241183919995,120.79589690620219
7.067733504,0.9995453358882631,120.67312921054148
7.070020096,0.999395985105299,120.55283849544318
7.072306176,0.9992852768595615,120.4344706373767
7.074592768,0.999220412887175,120.31746628428877
7.07687936,0.9992057171651199,120.20103164124413
7.07916544,0.9992420043144419,120.0845069057472
7.081452032,0.9993269842813074,119.96714718479107
7.083738112,0.9994553643485131,119.84826002682158
7.086024704,0.9996189599240936,119.72731212258752
7.088310784,0.9998071607965762,119.60382505280009
7.090597376,1.0000082327527184,119.47755486948998
7.092883456,1.0002093450988256,119.34840050675794
7.095170048,1.0003976602017923,119.21644699460704
7.09745664,1.0005612103307298,119.0819748279726
7.09974272,1.0006895190695706,118.94543713304164
7.102029312,1.0007746641911808,118.80735564096376
7.104315392,1.0008109384873172,118.66844530638483
7.106601984,1.000796018802345,118.52943652896194
7.108888064,1.0007310123219146,118.39102587374552
7.111174656,1.00062002132498,118.25392539035856
7.113460736,1.0004697624387462,118.1187953645165
7.115747328,1.0002901745052886,117.98607743963336
7.11803392,1.000092402934718,117.85613827419208
7.12032,0.9998890524013974,117.72917815853916
7.122606592,0.9996930863301825,117.60518071538571
7.124892672,0.9995170275455774,117.48395305102234
7.127179264,0.9993718273402222,117.36505560845595
7.129465344,0.9992672183271731,117.24807421911075
7.131751936,0.9992095210291398,117.1323071982874
7.134038528,0.9992025850574558,117.01705187696098
7.136324608,0.9992469713488309,116.90157161906734
7.1386112,0.9993396681555489,116.78514475628123
7.14089728,0.9994748631721148,116.66707496545695
7.143183872,0.9996439810304164,116.54681663717554
7.145469952,0.9998364300413436,116.4240236701696
7.147756544,1.0000397178619183,116.29834178095749
7.150042624,1.000240916021416,116.16978630374668
7.152329216,1.0004274408418719,116.03841337564695
7.154615808,1.0005872731670586,115.90457330866553
7.156901888,1.0007101455017637,115.76870538979051
7.15918848,1.0007884891750465,115.63144664823959
7.16147456,1.0008171596473967,115.49343962810744
7.163761152,1.0007943400961585,115.35540410855828
7.166047232,1.000721263756354,115.2181241523813
7.168333824,1.0006028708794437,115.08226688160654
7.170620416,1.0004464768014225,114.94843653647281
7.172906496,1.0002619754639668,114.81715056749503
7.175193088,1.0000611909093968,114.6886841536527
7.177479168,0.9998566675608209,114.56325802788699
7.17976576,0.999661693665971,114.44073433422916
7.18205184,0.9994885694059059,114.3209273483705
7.184338432,0.9993483276316143,114.20348251437967
7.186624512,0.9992498527869219,114.08782566979943
7.188911104,0.9991996692793434,113.97325586711507
7.191197696,0.9992006847919918,113.85911665318642
7.193483776,0.999253147048672,113.74464856147476
7.195770368,0.9993535577229015,113.62907345721487
7.198056448,0.9994956550643127,113.51179004089425
7.20034304,0.9996703656824275,113.39224065359477
7.20262912,0.9998666123869195,113.27001784173986
7.204915712,1.0000719108645566,113.14492004382215
7.207202304,1.000273068589232,113.01687479424136
7.209488384,1.0004573047194578,112.88608423733382
7.211774976,1.0006129583286532,112.7528731901407
7.214061056,1.0007303318283733,112.61772052128575
7.216347648,1.0008015323627417,112.4811985983768
7.218633728,1.000822312241946,112.3440635554914
7.22092032,1.0007912934713485,112.20704670374182
7.2232064,1.0007102153507603,112.07085493631159
7.225492992,1.000584573541882,111.93622671300379
7.227779584,1.000421900629978,111.80372607281043
7.230065664,1.0002327540685936,111.67382530518292
7.232352256,1.0000291393810266,111.54683283782013
7.234638336,0.9998239221314416,111.42283075424706
7.236924928,0.9996302793170997,111.30179437373047
7.239211008,0.9994603526224971,111.18344642880054
7.2414976,0.9993253456193728,111.06736828059563
7.243784192,0.99923339236633,110.95298233404358
7.246070272,0.9991907784027968,110.83962465762465
7.248356864,0.9992000775260694,110.72655920042739
7.250642944,0.9992608716507725,110.61300634809051
7.252929536,0.999369135204481,110.49828994360962
7.255215616,0.9995179825884918,110.38170803068233
7.257502208,0.9996979819318252,110.26277618044186
7.259788288,0.9998979240792819,110.14112338707852
7.26207488,1.0001046626087442,110.01654817523509
7.264361472,1.0003053848321035,109.88904000852527
7.266647552,1.0004872341655613,109.75877505284998
7.268934144,1.000638464220218,109.62615468257268
7.271220224,1.0007496240766798,109.49162695824678
7.273506816,1.0008136293332859,109.35588711994237
7.275792896,1.0008263066540128,109.21962518047071
7.278079488,1.0007868927358483,109.08357970820632
7.280365568,1.0006977139179023,108.9484889075221
7.28265216,1.000564601669646,108.8150886370906
7.284938752,1.0003959826862652,108.68387510325641
7.287224832,1.0002023104258642,108.55540837013375
7.289511424,0.9999962558819949,108.4297861134555
7.291797504,0.9997905791818672,108.3072710771032
7.294084096,0.9995985041786518,108.18769356597025
7.296370176,0.9994324164193137,108.0707589401345
7.298656768,0.9993028160940822,107.95600187912989
7.30094336,0.9992178395455773,107.842873348847
7.30322944,0.9991830830121973,107.7306493854122
7.305516032,0.9992008128136262,107.61860967529871
7.307802112,0.9992699671678522,107.50595710223334
7.310088704,0.9993859430879445,107.39202623662027
7.312374784,0.9995415927518253,107.27612385826053
7.314661376,0.9997268893164325,107.15775359892497
7.316947456,0.9999301527016224,107.03662768291113
7.319234048,1.000138253766128,106.9125346253049
7.32152064,1.0003381674876333,106.78550519868236
7.32380672,1.0005170581080134,106.65577753697178
7.326093312,1.0006634420894376,106.5236694521806
7.328379392,1.00076820688205,106.3898052236956
7.330665984,1.0008246537915346,106.25479706244505
7.332952064,1.0008289852250996,106.11934363810137
7.335238656,1.0007809652026536,105.98430638877606
7.337525248,1.0006838064968424,105.85033408683829
7.339811328,1.000543355646037,105.71810625608768
7.34209792,1.0003686400627951,105.58824489910998
7.344384,1.0001709360096331,105.46108190149343
7.346670592,0.9999625442764745,105.33692109345347
7.348956672,0.9997566967882979,105.21583485764143
7.351243264,0.9995668005569084,105.09769063705133
7.353529344,0.9994047236035127,104.98211895496652
7.355815936,0.9992808127099159,104.86868033530482
7.358102528,0.9992031790393487,104.75676031664987
7.360388608,0.9991766401672061,104.64564095373724
7.3626752,0.999202906477237,104.53457786035405
7.36496128,0.9992803877356314,104.4227823172955
7.367247872,0.9994043337980398,104.30953248670775
7.369533952,0.9995665290977482,104.19424401781808
7.371820544,0.9997569521542543,104.07644480267949
7.374107136,0.9999633392565991,103.95579027995056
7.376393216,1.0001723804734302,103.83214478223047
7.378679808,1.0003711417060674,103.70554849525377
7.380965888,1.0005467330424185,103.57627741816644
7.38325248,1.0006880578813107,103.44471560990345
7.38553856,1.0007860946572427,103.3114895794521
7.387825152,1.000834583169777,103.17718629943808
7.390111232,1.000830339024341,103.04259810213975
7.392397824,1.0007736989260918,102.90851124706946
7.394684416,1.0006683404295162,102.7756166026455
7.396970496,1.000520705308331,102.64460909413242
7.399257088,1.0003401710540016,102.5160127880407
7.401543168,1.0001384374423934,102.39021976079671
7.40382976,0.9999280936124634,102.26750777556795
7.40611584,0.9997225934082992,102.14779992668828
7.408402432,0.9995349593566044,102.03103564557807
7.410689024,0.9993774360206417,101.91682847062751
7.412975104,0.9992595822390302,101.8046448246207
7.415261696,0.9991894841609797,101.69391296011511
7.417547776,0.9991713745041816,101.58384873321177
7.419834368,0.9992065288574908,101.4736973855207
7.422120448,0.999292540777256,101.36270047292544
7.42440704,0.9994240477139463,101.25012772928922
7.42669312,0.9995929017955681,101.13543214329154
7.428979712,0.9997880537574214,101.01811531244206
7.431266304,0.9999972396418372,100.89786779262438
7.433552384,1.000207147049858,100.7746274434492
7.435838976,1.0004043407827372,100.6484304860584
7.438125056,1.0005763051362297,100.51962614915615
7.440411648,1.0007120119387587,100.38856298361533
7.442697728,1.000802973526274,100.25590469889221
7.44498432,1.0008432474214857,100.12234417234153
7.4472704,1.0008303741672406,99.98859845484516
7.449556992,1.0007650591115347,99.85546825896475
7.451843584,1.0006513834365287,99.72365390737949
7.454129664,1.000496635337512,99.59381599979962
7.456416256,1.000310481215858,99.46649660776086
7.458702336,1.0001049238680881,99.34207553948491
7.460988928,0.999892985761476,99.22069927969068
7.463275008,0.9996880895851252,99.10245322567098
7.4655616,0.999503273222598,98.98705043752172
7.467848192,0.9993505374666141,98.87414322214966
7.470134272,0.9992394060152022,98.76323215901188
7.472420864,0.9991771212076196,98.65357055193996
7.474706944,0.9991676009255888,98.54450953551438
7.476993536,0.9992115574199445,98.43522327423567
7.479279616,0.9993061819884507,98.32497385501297
7.481566208,0.9994454801514273,98.21305672439159
7.483852288,0.9996205865344315,98.09885434457043
7.48613888,0.9998204087868229,97.98197933749958
7.488425472,1.0000320967779202,97.86213351475395
7.490711552,1.0002422499725738,97.73924078644541
7.492998144,1.0004374955295512,97.61345351129263
7.495284224,1.000605475855907,97.48502536519122
7.497570816,1.0007352402685865,97.35446854093242
7.499856896,1.0008187986341626,97.2223853247046
7.502143488,1.000850673113571,97.08949504911631
7.50443008,1.0008288472200213,96.95658665786759
7.50671616,1.0007546649853254,96.82439441560864
7.509002752,1.0006327735578195,96.69365470668153
7.511288832,1.0004709234287217,96.56500810161519
7.513575424,1.0002794863930307,96.43895838292619
7.515861504,1.0000704702417131,96.31587580438764
7.518148096,0.9998572060459148,96.1958805144689
7.520434176,0.9996533287429968,96.07897767461067
7.522720768,0.9994717482026556,95.96494100985183
7.52500736,0.999324067943246,95.8532995731204
7.52729344,0.99921990176085,95.74357349363501
7.529580032,0.9991657011963987,95.63500982706314
7.531866112,0.9991651318294459,95.52688510522717
7.534152704,0.9992181199565084,95.41843847905676
7.536438784,0.9993214288332339,95.30885243985797
7.538725376,0.9994682877674695,95.19753867497536
7.541011968,0.999649677133301,95.08379201545873
7.543298048,0.9998537713410702,94.96731334436957
7.54558464,1.0000676756959148,94.84781050383403
7.54787072,1.000277775360124,94.72523847970905
7.550157312,1.0004707898645686,94.59977224865942
7.552443392,1.0006342584647263,94.471755656705
7.554729984,1.000757794071512,94.34163730815582
7.557016064,1.0008336137718377,94.21017083455108
7.559302656,1.0008567484015272,94.07796522604923
7.561589248,1.0008258163257506,93.94585945176746
7.563875328,1.0007427511085598,93.81457812190494
7.56616192,1.000612685827193,93.6849286731387
7.568448,1.0004439187570715,93.55745443757439
7.570734592,1.0002471499479877,93.43268102164586
7.573020672,1.00003508381418,93.31089376187533
7.575307264,0.9998208148423806,93.19226994090802
7.577593344,0.9996183993986814,93.07670064805951
7.579879936,0.999440426812046,92.96395218387178
7.582166528,0.9992984431844372,92.85357955638817
7.584452608,0.9992013735055703,92.7449969045118
7.5867392,0.9991556556528081,92.63746883802172
7.58902528,0.9991641800830784,92.53025333406352
7.591311872,0.9992263721293804,92.42255035738447
7.593597952,0.9993381865133901,92.31364792481703
7.595884544,0.9994927311025344,92.20280219922358
7.598171136,0.9996800334764353,92.08951141945137
7.600457216,0.999888278844769,91.97335422477043
7.602743808,1.0001041322234017,91.85415531893348
7.605029888,1.000313828686155,91.73187023813584
7.60731648,1.000503987362201,91.60671251386754
7.60960256,1.000662647747817,91.47905127340279
7.611889152,1.0007795368380124,91.34941754428118
7.614175232,1.0008472613111814,91.21844044093109
7.616461824,1.0008614911122375,91.08693339486317
7.618748416,1.0008213172705838,90.95562319995132
7.621034496,1.0007291895240322,90.82531278865115
7.623321088,1.0005910998320056,90.69669004249711
7.625607168,1.0004155454368964,90.5703894043964
7.62789376,1.0002138847443771,90.44687252954701
7.63017984,0.9999987629897883,90.32640711804176
7.632466432,0.9997840354086224,90.20911315332263
7.634753024,0.9995833624614865,90.09485546264413
7.637039104,0.9994093599515819,89.98339289629747
7.639325696,0.9992733830304975,89.87423107149564
7.641611776,0.9991840087393036,89.76672599963962
7.643898368,0.9991470440431686,89.66021205899757
7.646184448,0.9991647148733044,89.553835422754
7.64847104,0.9992361822900572,89.44684790735953
7.65075712,0.9993567128111338,89.33849922622285
7.653043712,0.9995186670938649,89.22815155839581
7.655330304,0.9997117367013787,89.11522703519262
7.657616384,0.9999238454920906,88.9993577958613
7.659902976,1.0001411643360751,88.88041836028309
7.662189056,1.000350031849524,88.7583787000483
7.664475648,1.0005371509916263,88.63350532643783
7.666761728,1.0006904439581452,88.50618912546773
7.66904832,1.0008002629171466,88.37697405528296
7.671334912,1.0008596651773403,88.24653811521796
7.673620992,1.0008646312981992,88.11567832475292
7.675907584,1.000815084473415,87.9851646581369
7.678193664,1.0007140322022734,87.85578625396785
7.680480256,1.000567763202086,87.72823891537998
7.682766336,1.0003856607115051,87.60308606656798
7.685052928,1.0001791930183903,87.48079310471162
7.687339008,0.9999616103249648,87.36161458384916
7.6896256,0.999746765043393,87.2456285900196
7.691912192,0.9995482247731072,87.13269707687923
7.694198272,0.9993787079590883,87.02247054834045
7.696484864,0.9992490351683625,86.91445925030216
7.698770944,0.9991675926658615,86.80805193699584
7.701057536,0.9991396442179161,86.70244376040277
7.703343616,0.9991668506015958,86.59689568593708
7.705630208,0.9992475508769998,86.49057090699833
7.7079168,0.9993767118215952,86.38275711664977
7.71020288,0.999545974805044,86.27280803608785
7.712489472,0.9997447832115997,86.16019290507312
7.714775552,0.9999602531770136,86.04458920136578
7.717062144,1.000178776286155,85.92586267480347
7.719348224,1.0003863433544091,85.80406824013913
7.721634816,1.0005698594127075,85.67942242565219
7.723920896,1.0007175597923628,85.55241323813992
7.726207488,1.0008200350556407,85.42358346866725
7.72849408,1.0008707494374856,85.29370203010973
7.73078016,1.0008664622600327,85.16348875170749
7.733066752,1.000807300295238,85.03377137364335
7.735352832,1.0006970928773258,84.9052977375172
7.737639424,1.0005428333827073,84.77878705805225
7.739925504,1.0003543821392045,84.65478997335724
7.742212096,1.0001434912230949,84.53372244423542
7.744498176,0.9999238071791029,84.41584717397355
7.746784768,0.9997091285585535,84.30115767169494
7.74907136,0.9995131898993765,84.1894593717931
7.75135744,0.9993485795409084,84.08045471456214
7.753644032,0.9992257832740148,83.97358630451164
7.755930112,0.9991525607831341,83.86816547843877
7.758216704,0.9991338066136355,83.7634533144994
7.760502784,0.9991706970634814,83.65866940175295
7.762789376,0.999260819036514,83.55295839673653
7.765075968,0.9993984974150194,83.44562109091295
7.767362048,0.9995750219344719,83.33601993364745
7.76964864,0.9997790454136098,83.22367177537318
7.77193472,0.9999976607027893,83.10826578991951
7.774221312,1.0002170290001402,82.98972046586945
7.776507392,1.0004229370906201,82.86807400249916
7.778793984,1.0006023625957388,82.74368819435276
7.781080064,1.0007439909331157,82.616938834222
7.783366656,1.000838594449293,82.48854519088435
7.785653248,1.0008804410241114,82.35917076167458
7.787939328,1.0008665064236189,82.22958275436316
7.79022592,1.000797755102215,82.1006628641684
7.792512,1.0006785354390106,81.97310926182038
7.794798592,1.0005165490748327,81.84763505498984
7.797084672,1.00032172704725,81.7247732639422
7.799371264,1.0001068017289365,81.6049283246051
7.801657856,0.9998851991118844,81.48829525221304
7.803943936,0.999671145963717,81.37487991431183
7.806230528,0.9994783263025208,81.26445041441139
7.808516608,0.9993189559382996,81.15660276603153
7.8108032,0.9992033147728139,81.05082961131843
7.81308928,0.9991388056103886,80.94638484041
7.815375872,0.9991295890563872,80.84251040633339
7.817661952,0.9991761714746534,80.73838867827631
7.819948544,0.9992757676586873,80.63324907500488
7.822235136,0.9994219226457807,80.52632849737093
7.824521216,0.9996054215217517,80.41703347791116
7.826807808,0.9998145580870522,80.30492154963538
7.829093888,1.000035959952789,80.18965943108746
7.83138048,1.0002556101576008,80.07123653096728
7.83366656,1.0004594220750784,79.94975958884956
7.835953152,1.0006345656591475,79.82552402055589
7.838239744,1.0007696212697863,79.69906821231488
7.840525824,1.0008561607072437,79.57102475731216
7.842812416,1.0008886835519746,79.44217230543454
7.845098496,1.0008649004423502,79.3132501497729
7.847385088,1.0007865134174716,79.18507428232728
7.849671168,1.0006583140196688,79.05844371478953
7.85195776,1.0004884630558697,78.93400939076746
7.85424384,1.0002877902640288,78.81229507358448
7.856530432,1.0000690336872518,78.69364628301625
7.858817024,0.9998460742958882,78.5782687813759
7.861103104,0.9996331062607341,78.46607658604299
7.863389696,0.9994437796216921,78.35685946482496
7.865675776,0.9992901958237933,78.25016168747456
7.867962368,0.999181973723906,78.14542970517842
7.870248448,0.9991264981390319,78.04188083646274
7.87253504,0.9991269195927545,77.93881896254156
7.874821632,0.9991834836094178,77.83533985538591
7.877107712,0.999292521694149,77.73068526129927
7.879394304,0.9994470550588961,77.62412572018465
7.881680384,0.9996372999633204,77.51512816517918
7.883966976,0.9998512510871745,77.4031503489976
7.886253056,1.000075124849973,77.2880249236416
7.888539648,1.000294715603047,77.16967765175299
7.890825728,1.0004960062142807,77.04830560389958
7.89311232,1.0006661180009255,76.92426549892444
7.895398912,1.0007942500103488,76.79806073880417
7.897684992,1.000872369187852,76.67039000001806
7.899971584,1.0008953175350324,76.54201075343003
7.902257664,1.0008616134754105,76.41370796948017
7.904544256,1.0007734269394324,76.28633004223119
7.906830336,1.000636206433896,76.16060462140914
7.909116928,1.0004588226342366,76.03721300629368
7.911403008,1.000252388414484,75.91658782661398
7.9136896,1.000030219883154,75.79918493902117
7.915976192,0.9998062113285895,75.68500685118414
7.918262272,0.9995947996085602,75.57401228920813
7.920548864,0.999409313647106,75.46599250768956
7.922834944,0.9992619057537215,75.36040179893318
7.925121536,0.9991617897586383,75.25667097861889
7.927407616,0.9991155086688687,75.154001261403
7.929694208,0.9991259565889161,75.05164650769137
7.9319808,0.9991924314227043,74.94877995193673
7.93426688,0.9993109612777877,74.84457024132708
7.936553472,0.9994737819075068,74.73832951435426
7.938839552,0.9996706563908009,74.62949008416409
7.941126144,0.9998890706638033,74.51764886555351
7.943412224,1.0001149022640805,74.40261402200719
7.945698816,1.0003339942955274,74.28434067832146
7.947984896,1.000532338682822,74.16306317218964
7.950271488,1.0006970719074497,74.03912171349496
7.95255808,1.0008180313856978,73.9131663565309
7.95484416,1.0008872843557648,73.7858354100361
7.957130752,1.0009004388987914,73.65793730114163
7.959416832,1.0008566528594196,73.53027602737266
7.961703424,1.0007586120178233,73.40368201595025
7.963989504,1.000612564753724,73.27885335791034
7.966276096,1.0004277859427044,73.15647690717343
7.968562688,1.0002158947329987,73.03699692470718
7.970848768,0.9999905497458199,72.92074033442523
7.97313536,0.9997659445229404,72.8077616423576
7.97542144,0.9995565625201402,72.69800007919514
7.977708032,0.9993755872926637,72.59110519866415
7.979994112,0.9992347813027822,72.48657946262
7.982280704,0.9991429138092748,72.38381633936964
7.984566784,0.9991061167041185,72.28198119330573
7.986853376,0.9991268025168758,72.18029837173839
7.989139968,0.9992034195245352,72.07793579190235
7.991426048,0.9993312287036196,71.97411111258397
7.99371264,0.9995023024990543,71.86813363162965
7.99599872,0.9997055551921711,71.7594610464862
7.998285312,0.9999279011362546,71.64771096504568
8.000571392,1.0001555412053131,71.53267181905854
8.002857984,1.000373534429832,71.41441298550919
8.005144576,1.0005683484504306,71.29317340362458
8.007430656,1.0007274631575613,71.16940163379513
8.009717248,1.0008406675487065,71.04362727518624
8.012003328,1.0009006971175207,70.91666669275554
8.01428992,1.0009037682975035,70.78922675554364
8.016576,1.0008497784845443,70.66220763213953
8.018862592,1.000741883962434,70.53636851716333
8.021148672,1.00058700876577,70.41246666748992
8.023435264,1.0003950340261807,70.29107654522369
8.025721856,1.0001780684367354,70.17271362477314
8.028007936,0.9999500847359906,70.05763509310044
8.030294528,0.9997253393787331,69.94585712558438
8.032580608,0.9995183746938678,69.83724992416374
8.0348672,0.9993423174524809,69.73146976388853
8.03715328,0.9992084703032618,69.62798657846075
8.039439872,0.9991253411884982,69.52610881137764
8.041725952,0.9990984030891523,69.42505120067462
8.044012544,0.9991292525850202,69.3239954201877
8.046299136,0.9992161482583373,69.22213305565325
8.048585216,0.9993534056840299,69.118640134578
8.050871808,0.999532406863231,69.01284024473468
8.053157888,0.9997416356231367,68.90425183198458
8.05544448,0.9999678464649941,68.79253236405161
8.05773056,1.0001966090932155,68.6774785509337
8.060017152,1.0004132833562123,68.55923453646959
8.062303744,1.0006040888174716,68.43803396162963
8.064589824,1.000756965497621,68.31435040047944
8.066876416,1.0008620013066445,68.18879314947904
8.069162496,1.0009126515428506,68.06213180932859
8.071449088,1.0009054473430263,67.93518957896536
8.073735168,1.00084103145484,67.80877984212394
8.07602176,1.0007232553033083,67.6836916890823
8.07830784,1.0005597326099729,67.56067021083054
8.080594432,1.0003608301994193,67.44033748239445
8.082881024,1.000139111379465,67.32306177766999
8.085167104,0.9999086394635425,67.2091219732536
8.087453696,0.9996842814769686,67.09849777227704
8.089739776,0.9994802329693352,66.99104933093267
8.092026368,0.999309504816283,66.88635279445178
8.094312448,0.9991831164934665,66.78384741633292
8.09659904,0.9991090538266598,66.6828285919293
8.098885632,0.9990923182148875,66.58251977159063
8.101171712,0.9991336664175295,66.4820414604428
8.103458304,0.9992307303406389,66.3805547404974
8.105744384,0.9993773715105695,66.27735221542933
8.108030976,0.9995641049492241,66.17169751717482
8.110317056,0.9997791037113785,66.06318350260165
8.112603648,1.000008592261218,65.95143894115611
8.114889728,1.0002381629618058,65.83632562003459
8.11717632,1.0004530183944609,65.71803439079098
8.119462912,1.0006394398440304,65.59683336576902
8.121748992,1.0007855652192448,65.47323141946256
8.124035584,1.0008821017003255,65.34786757713147
8.126321664,1.0009228502043301,65.22152536696348
8.128608256,1.0009052928497244,65.095066840179
8.130894336,1.000830227498979,64.96926035817785
8.133180928,1.0007027783131952,64.84495121463031
8.13546752,1.0005307489923687,64.7228394137994
8.1377536,1.0003250185800676,64.60349326652857
8.140040192,1.00009897404534,64.48731968947797
8.142326272,0.9998666349026627,64.37450901874129
8.144612864,0.9996430530879243,64.26503137398794
8.146898944,0.9994423931722127,64.1587036343468
8.149185536,0.9992775149608589,64.05503731065095
8.151471616,0.9991590296752877,63.953470185858805
8.153758208,0.9990943369973183,63.853276786192126
8.1560448,0.9990879332818391,63.753634033622774
8.15833088,0.9991400411450339,63.65366477648978
8.160617472,0.9992473419767508,63.55256748545192
8.162903552,0.9994031925752305,63.44957358954017
8.165190144,0.9995975011499112,63.3440361726625
8.167476224,0.9998179091986584,63.2354741932436
8.169762816,1.0000504518613742,63.12367498050159
8.172049408,1.000280222896842,63.00847767329572
8.174335488,1.0004926834794197,62.89011175743957
8.17662208,1.000674196533489,62.768905255938215
8.17890816,1.0008132292557534,62.64534990071254
8.181194752,1.0009007909839391,62.520175836417394
8.183480832,1.0009315400341738,62.39415296267003
8.185767424,1.0009032260574642,62.268131086565965
8.188053504,1.000817669941969,62.14294901155423
8.190340096,1.000680398367876,62.01942639549844
8.192626688,1.0004999648976225,61.898208122858826
8.194912768,1.0002879049080708,61.77987606922394
8.19719936,1.0000576963998962,61.66478237965238
8.19948544,0.9998239732065697,61.553059216792036
8.201772032,0.9996016965024652,61.4447102563686
8.204058112,0.9994049045106113,61.33947298499459
8.206344704,0.9992463794517571,61.23679986036992
8.208630784,0.9991361398117945,61.13614581421884
8.210917376,0.9990813741574534,61.03670502832728
8.213203968,0.9990854783114537,60.93768869187693
8.215490048,0.999148356901795,60.83817281224671
8.21777664,0.9992659291666853,60.73736642820718
8.22006272,0.9994307750358098,60.63453531782526
8.222349312,0.9996323850793359,60.52904407343707
8.224635392,0.9998579381378107,60.4204546967461
8.226921984,1.000093019876263,60.30852573273136
8.229208576,1.0003226342044556,60.19323706849725
8.231494656,1.0005321959224673,60.07473420521258
8.233781248,1.0007082988098437,59.95348047498356
8.236067328,1.0008397233441915,59.829988838199
8.23835392,1.0009180775297015,59.70497539394445
8.24064,1.0009383510757235,59.579262568433975
8.242926592,1.0008992444536533,59.45370041268956
8.245212672,1.0008030695731234,59.32915835693377
8.247499264,1.0006561075382492,59.20637341638425
8.249785856,1.0004675039155855,59.08606129748496
8.252071936,1.000249353249464,58.96872566447056
8.254358528,1.0000154106754926,58.85471324018449
8.256644608,0.9997807451335203,58.74410520787829
8.2589312,0.9995601228804771,58.63686710517198
8.26121728,0.9993678263281355,58.53262463281702
8.263503872,0.9992160429123528,58.43098112123346
8.265790464,0.9991144860487822,58.33114131194558
8.268076544,0.9990698016872152,58.23243766062033
8.270363136,0.9990848358943925,58.13397373921333
8.272649216,0.9991585318040798,58.03486770154052
8.274935808,0.9992863565065314,57.93431461872652
8.277221888,0.9994601406029516,57.83157963706388
8.27950848,0.9996688486598274,57.72607290397621
8.28179456,0.9998991697101811,57.617382169356034
8.284081152,1.0001363147918634,57.505305167269604
8.286367744,1.0003653011142712,57.3898315324173
8.288653824,1.0005715171166927,57.27120860082863
8.290940416,1.0007416566996212,57.14990410361429
8.293226496,1.0008651114950335,57.0264483406306
8.295513088,1.0009338337022324,56.901590062466504
8.297799168,1.0009434489635327,56.776190696049625
8.30008576,1.000893251914044,56.651101192920756
8.302372352,1.0007864561496693,56.527174269121645
8.304658432,1.0006298950081243,56.405157576805294
8.306945024,1.0004334002151396,56.28570850590037
8.309231104,1.0002094606021288,56.169378001574856
8.311517696,0.9999723196170398,56.05641559550885
8.313803776,0.9997370277402777,55.946879257043705
8.316090368,0.9995187192314878,55.840729544642535
8.318376448,0.9993313235495169,55.73753823786791
8.32066304,0.9991868210691633,55.63677839994497
8.322949632,0.9990944067094168,55.53777317540787
8.325235712,0.999060084731095,55.43973573533979
8.327522304,0.999086173304792,55.34175609555357
8.329808384,0.9991708539657179,55.243018294145486
8.332094976,0.999308840720776,55.14264695146437
8.334381056,0.9994914193403526,55.03997804775894
8.336667648,0.9997068813426624,54.93440049188195
8.33895424,0.9999414568106271,54.82555102351417
8.34124032,1.000180392173528,54.713299135275236
8.343526912,1.0004081787279973,54.59764772927942
8.345812992,1.0006104769465816,54.47885774439034
8.348099584,1.0007743109738227,54.35742871303066
8.350385664,1.000889261091555,54.23399469715517
8.352672256,1.000947997854479,54.10929861050138
8.354958336,1.0009466298680667,53.984205633553735
8.357244928,1.000885339914406,53.859572928188626
8.35953152,1.0007680049508918,53.73625363521298
8.3618176,1.0006019719102264,53.61501375751262
8.364104192,1.0003976451088745,53.49649920920943
8.366390272,1.000168280089631,53.3811468618739
8.368676864,0.9999283103677775,53.26921473033856
8.370962944,0.9996930956742022,53.16075267396873
8.373249536,0.9994775751510271,53.05562802438045
8.375535616,0.9992955275441505,52.953418581472285
8.377822208,0.9991586956095874,52.85356015249664
8.3801088,0.9990758759457691,52.75533057452544
8.38239488,0.9990523131734901,52.657889703752566
8.384681472,0.999089555037391,52.56037430634801
8.386967552,0.9991851933504724,52.4618938160784
8.389254144,0.9993332879992172,52.36167685051597
8.391540224,0.9995244645468604,52.25900557995629
8.393826816,0.999746324353749,52.15330604326062
8.396113408,0.9999849343108633,52.04427432354078
8.398399488,1.0002248804549656,51.9317795483341
8.40068608,1.0004509941728883,51.815889247422625
8.40297216,1.0006488806314577,51.696915976002245
8.405258752,1.0008058863895921,51.57541525849927
8.407544832,1.000911926789173,51.45196446681631
8.409831424,1.0009603418542306,51.32743564087101
8.412117504,1.0009478229290765,51.2026557442554
8.414404096,1.0008753625929119,51.078483572138865
8.416690688,1.0007473117187922,50.95578702985727
8.418976768,1.0005719501244525,50.83531378896556
8.42126336,1.0003603013625972,50.71765473829312
8.42354944,1.000125796360573,50.60327669510929
8.425836032,0.9998834872859266,50.49239205489831
8.428122112,0.9996487391772708,50.38500997467638
8.430408704,0.9994365229669079,50.280869345250416
8.432695296,0.999260472321106,50.17961764357302
8.434981376,0.9991318718201695,50.08061363602475
8.437267968,0.999058892617954,49.98309249056335
8.439554048,0.9990462901635695,49.886207163458685
8.44184064,0.9990948718979977,49.78909034940434
8.44412672,0.9992016430984925,49.69086450084119
8.446413312,0.9993598274472655,49.590713090853995
8.448699392,0.999559264602014,49.48795718414544
8.450985984,0.9997872986199846,49.3820981604207
8.453272576,1.0000293221923762,49.27283056174217
8.455558656,1.0002700008701435,49.160061824437726
8.457845248,1.0004939346138946,49.0439276355421
8.460131328,1.0006868826291815,48.92475469222201
8.46241792,1.0008365442352947,48.80311087617943
8.464704,1.0009332550263512,48.67968002363131
8.466990592,1.0009709617745486,48.55529144175827
8.469277184,1.0009471239225407,48.43077768059464
8.471563264,1.000863258360209,48.307101089084824
8.473849856,1.0007247259405672,48.185031285633215
8.476135936,1.0005401797908986,48.06532853508428
8.478422528,1.0003213673200506,47.94856529331623
8.480708608,1.000082192561022,47.83516929219624
8.4829952,0.9998379888463296,47.725274080953845
8.48528128,0.9996042463038181,47.61890869572678
8.487567872,0.9993959219194278,47.515788444131275
8.489854464,0.9992263242335475,47.41545208943058
8.492140544,0.9991063082245354,47.31722135843152
8.494427136,0.9990435889661045,47.22038981495056
8.496713216,0.9990422710102274,47.12401449398914
8.498999808,0.999102386026535,47.02720579490437
8.501285888,0.9992202361515561,46.929149521359165
8.50357248,0.999388173388954,46.829028492427966
8.505859072,0.9995956914488532,46.72616401685736
8.508145152,0.9998294570884272,46.62011093841125
8.510431744,1.000074581062666,46.510557083139126
8.512717824,1.0003154627333455,46.397467922498656
8.515004416,1.0005365675426698,46.28103595974937
8.517290496,1.0007241036133583,46.1616514460803
8.519577088,1.0008658811841735,46.03984987155133
8.521863168,1.0009528346404173,45.91644155567708
8.52414976,1.000979603830438,45.792187375504064
8.526436352,1.0009441993528936,45.66799229590209
8.528722432,1.0008489622274512,45.54476752175525
8.531009024,1.0006998772261504,45.423337514642895
8.533295104,1.0005064196442595,45.30439439149901
8.535581696,1.0002807855976519,45.188531648053
8.537867776,1.0000374479484113,45.076079013366034
8.540154368,0.9997918567962013,44.967219013558974
8.542440448,0.9995595877659318,44.86185384195151
8.54472704,0.9993556244677926,44.75967203657148
8.547013632,0.9991930345038872,44.66021470133816
8.549299712,0.9990820763363267,44.562762553699066
8.551586304,0.9990300388039806,44.46649866491968
8.553872384,0.9990401821164928,44.37059119332612
8.556158976,0.9991119729862376,44.27408327551836
8.558445056,0.9992408694755867,44.17615259761017
8.560731648,0.9994185517570267,44.07597713093718
8.56301824,0.9996338301715086,43.972944653824676
8.56530432,0.9998730128307602,43.86660563174122
8.567590912,1.0001206993552436,43.75674491744233
8.569876992,1.000361164173558,43.64331196594887
8.572163584,1.0005790591133534,43.52657789306215
8.574449664,1.0007605892509914,43.40693643732541
8.576736256,1.0008940744581218,43.28498991845895
8.579022336,1.0009709469438262,43.16157391353341
8.581308928,1.0009864306232072,43.03745898419038
8.58359552,1.0009392902678014,42.913562954335795
8.5858816,1.0008325676620686,42.79082014892624
8.588168192,1.0006731545796117,42.67001214628161
8.590454784,1.0004709253036839,42.551845530879106
8.592740352,1.0002388273670426,42.436862123479145
8.595026944,0.9999917486660158,42.325372083267894
8.597313536,0.9997452342478077,42.21747726437859
8.599600128,0.9995150642661274,42.113113020761915
8.60188672,0.9993160303267398,42.01184541704954
8.604172288,0.9991608526815324,41.91322703643626
8.60645888,0.9990594730433728,41.81647873665107
8.608745472,0.999018360627705,41.72080533420587
8.611032064,0.9990402144496731,41.62527216474474
8.613317632,0.9991237831831495,41.52899194786403
8.615604224,0.9992635882770344,41.431100639067566
8.617890816,0.9994508522209438,41.33083183333066
8.620177408,0.9996736521404311,41.227593354717335
8.622464,0.9999176946321058,41.12093462472705
8.624749568,1.000167494497858,41.01070703394636
8.62703616,1.000407135378803,40.89692295426384
8.629322752,1.0006211905546498,40.77983859737714
8.631609344,1.0007961961861862,40.65992382870795
8.633894912,1.0009207703002287,40.5378369429094
8.636181504,1.0009872567899625,40.41437057931168
8.638468096,1.0009910679675296,40.290390745076984
8.640754688,1.0009321554646293,40.16683427975659
8.64304128,1.0008140319457373,40.044567011530305
8.645326848,1.0006443212288878,39.924396449754745
8.64761344,1.000433666891507,39.80699855802944
8.649900032,1.0001954727981852,39.692888907634064
8.652186624,0.9999450194087487,39.58233889135025
8.654473216,0.9996981835010476,39.47543424125248
8.656758784,0.9994706935122426,39.37200948988892
8.659045376,0.9992771207088161,39.27166531337455
8.661331968,0.9991298960298192,39.173814799727204
8.66361856,0.9990384867646224,39.07775236303083
8.665904128,0.9990086380826121,38.98256503010224
8.66819072,0.999042482625887,38.88738188152766
8.670477312,0.999137793841924,38.79127097081515
8.672763904,0.9992885190957045,38.693384544835254
8.675050496,0.9994850968941373,38.592942617336305
8.677336064,0.9997150003483969,38.489424572507986
8.679622656,0.9999635889587204,38.38242242207703
8.681909248,1.0002149901184725,38.27178138064585
8.68419584,1.0004531571711428,38.157601024224704
8.686481408,1.000662849661027,38.04013206990351
8.688768,1.000830787429732,37.919935355558664
8.691054592,1.0009461794060674,37.79769220712673
8.693341184,1.0010017206581,37.67420372383253
8.695627776,1.0009937291055295,37.55037737846039
8.697913344,1.0009227488943804,37.42712501419709
8.700199936,1.000793235813406,37.30533684729191
8.702486528,1.0006134134675753,37.18580525419573
8.70477312,1.000394566973146,37.06919468279205
8.707058688,1.000150795240751,36.95594850077587
8.70934528,0.9998974453336983,36.8463379065716
8.711631872,0.9996507911546401,36.74038334025297
8.713918464,0.9994265480660072,36.637885188994105
8.716205056,0.9992390375878032,36.53841284371644
8.718490624,0.9991002275821363,36.44132415830278
8.720777216,0.9990191471208617,36.345866255194835
8.723063808,0.9990009501113152,36.251146276005805
8.7253504,0.9990468845621652,36.156242012091454
8.727635968,0.9991540379525294,36.060232513455645
8.72992256,0.9993155915585984,35.96227478370096
8.732209152,0.9995213151721974,35.8616362006565
8.734495744,0.9997579853363016,35.75779718796071
8.736782336,1.0000106574634195,35.65038322741608
8.739067904,1.000263055316091,35.539301875171965
8.741354496,1.0004992049007118,35.4246643196608
8.743641088,1.0007039494212213,35.306829288594436
8.74592768,1.0008643088606555,35.18633349247119
8.748214272,1.000970043458982,35.063905933023094
8.75049984,1.001014292721935,34.9403882438044
8.752786432,1.0009943520525797,34.816713483877216
8.755073024,1.0009112350113696,34.69378475681702
8.757359616,1.0007703765788478,34.57248790167493
8.759645184,1.0005805943215245,34.45360744901225
8.761931776,1.0003539499960523,34.33776079950879
8.764218368,1.0001048251962021,34.22539195274914
8.76650496,0.9998491529760121,34.116692166854776
8.768791552,0.9996031988893788,34.011681903750016
8.77107712,0.999382738447648,33.91008244685895
8.773363712,0.9992017840665073,33.81142300796786
8.775650304,0.9990720157939148,33.715062090968786
8.777936896,0.999001711626709,33.6201661688448
8.780222464,0.9989954005865767,33.525849408676464
8.782509056,0.9990535383698506,33.43115613148645
8.784795648,0.9991725668160638,33.33521304819331
8.78708224,0.9993448524154293,33.237123525194846
8.789368832,0.9995592954887386,33.136225019161046
8.7916544,0.9998023917280897,33.03200169035005
8.793940992,1.0000585796196553,32.92414652198425
8.796227584,1.0003114784177485,32.81257766530549
8.798514176,1.0005450436188743,32.697486580687325
8.800799744,1.0007443185503315,32.57921894061235
8.803086336,1.0008965819348319,32.45843798647755
8.805372928,1.0009920877791998,32.33582177186467
8.80765952,1.0010248300548648,32.21229530118741
8.809946112,1.000992510627024,32.088758701554994
8.81223168,1.0008972744592761,31.96614438473351
8.814518272,1.0007451455505416,31.84535592427383
8.816804864,1.0005455816166993,31.727118456545302
8.819091456,1.0003114847659624,31.612049937603025
8.821378048,1.0000574973518612,31.500527448189782
8.823663616,0.9998000590352425,31.392767227785054
8.825950208,0.9995554998663595,31.288668512614763
8.8282368,0.9993393230407754,31.187931055361855
8.830523392,0.9991654885028741,31.090075755974926
8.83280896,0.9990451067494641,30.994369592757227
8.835095552,0.9989859880336899,30.89998408782218
8.837382144,0.998991792691762,30.806011428876406
8.839668736,0.9990624569225471,30.711496507162323
8.841955328,0.9991933100012453,30.615537428410402
8.844240896,0.9993760541609232,30.517258440212476
8.846527488,0.9995991125733555,30.416058270522367
8.84881408,0.9998481556438579,30.311399447666673
8.851100672,1.000107400932056,30.20304355059056
8.85338624,1.000360297384158,30.090958257680935
8.855672832,1.0005906706250536,29.97537165934853
8.857959424,1.0007838854625044,29.856700354969817
8.860246016,1.0009275545047729,29.73556269269276
8.862532608,1.0010125228839772,29.612793523570033
8.864818176,1.001033364240322,29.489230823251333
8.867104768,1.0009886186470438,29.365861361755833
8.86939136,1.0008811487384706,29.243576814172947
8.871677952,1.0007177098020639,29.123285074945276
8.87396352,1.0005087747753723,29.00571185206026
8.876250112,1.000267554538662,28.89139611312969
8.878536704,1.0000092123144546,28.780754312703397
8.880823296,0.9997504483205069,28.67387093342383
8.883109888,0.9995076668647377,28.570656553411023
8.885395456,0.9992965309941755,28.470789665210365
8.887682048,0.9991303681018188,28.373664967046366
8.88996864,0.9990199080371464,28.27858341701483
8.892255232,0.998972279716385,28.18467154353876
8.8945408,0.9989905456991188,28.090980161060802
8.896827392,0.9990736532570189,27.996564117859926
8.899113984,0.9992163200042297,27.900526956674717
8.901400576,0.9994093272818644,27.802029680343324
8.903687168,0.9996406054249674,27.700429931876528
8.905972736,0.9998952923093042,27.59528940399356
8.908259328,1.0001570926875856,27.486420930506473
8.91054592,1.0004093205601092,27.373783676447257
8.912832512,1.0006359813001215,27.25767214197148
8.915119104,1.0008225336692878,27.138545746089466
8.917404672,1.0009571164053608,27.017088113499256
8.919691264,1.001031012535277,26.89412286493082
8.921977856,1.0010396804402977,26.770554499289876
8.924264448,1.0009823478496493,26.647334880852856
8.926550016,1.0008626825518534,26.52542198469354
8.928836608,1.000688202027451,26.40561525914935
8.9311232,1.0004700019759196,26.288700139046167
8.933409792,1.0002219992280277,26.175167517953636
8.935696384,0.9999598748834062,26.065356356188673
8.937981952,0.9997003612962734,25.9593664995615
8.940268544,0.9994601446452888,25.857025445479508
8.942555136,0.9992543858866128,25.757950351836236
8.944841728,0.9990964706364192,25.661544802294404
8.947127296,0.9989964211313807,25.56704945020502
8.949413888,0.9989606769240559,25.473535566850156
8.95170048,0.9989915830069979,25.380086569529265
8.953987072,0.9990873341502945,25.285726247462005
8.956273664,0.9992416735384697,25.189524012723787
8.958559232,0.9994448208086912,25.09074745536909
8.960845824,0.9996839496094888,24.988704012828148
8.963132416,0.999943710623509,24.88307177189783
8.965419008,1.0002075633779055,24.773604934477888
8.967704576,1.0004585402076382,24.660384464630592
8.969991168,1.0006809288031522,24.543722565487474
8.97227776,1.0008602356315042,24.424171786400535
8.974564352,1.0009851840838675,24.302361885889788
8.976850944,1.0010477745672262,24.179203466902973
8.979136512,1.0010438850976737,24.055623072744833
8.981423104,1.0009737916940769,23.93257517272911
8.983709696,1.0008419415983885,23.81099145095588
8.985996288,1.0006564933573603,23.69172299811136
8.988281856,1.0004294014279396,23.57545746571642
8.990568448,1.0001750451364246,23.46269850210528
8.99285504,0.9999095797349168,23.353718588498577
8.995141632,0.9996499550389366,23.248595628505196
8.997428224,0.9994127104200725,23.147107217382857
8.999713792,0.9992131177435503,23.04879979232824
9.002000384,0.999063891812722,22.953071391229944
9.004286976,0.9989746606474679,22.85908689821983
9.006573568,0.9989512044329707,22.765951354640258
9.00886016,0.9989949511445184,22.67266520901182
9.011145728,0.999103304922981,22.578281980726207
9.01343232,0.9992692624048387,22.481899256692913
9.015718912,0.9994823768492597,22.3827376424662
9.018005504,0.9997289271780195,22.280245609711415
9.020291072,0.9999932427276101,22.174034439318454
9.022577664,1.000258540768431,22.06396160305809
9.024864256,1.0005077732687966,21.9501271901006
9.027150848,1.0007251565280897,21.832904755989023
9.02943744,1.0008967745466832,21.712851009265204
9.031723008,1.001011701854299,21.59071688500257
9.0340096,1.0010624684206193,21.467364583702153
9.036296192,1.0010458520617505,21.343777374595085
9.038582784,1.00096284841496,21.220901889056247
9.040868352,1.0008187621104494,21.099673299795707
9.043154944,1.0006226231485518,20.980940073856015
9.045441536,1.0003869614062741,20.865323924700025
9.047728128,1.000126621842176,20.753334186749
9.05001472,0.9998583674603857,20.645217236171664
9.052300288,0.9995991697648166,20.540921454773898
9.05458688,0.9993656383844937,20.440255431871346
9.056873472,0.9991727880631003,20.3426931246602
9.059160064,0.9990327972354217,20.247567193789116
9.061445632,0.9989547953735399,20.15408134935674
9.063732224,0.9989438259982453,20.061223702138207
9.066018816,0.9990006743427182,19.968064104484576
9.068305408,0.9991216013146113,19.873581744150915
9.070592,0.9992991198346073,19.77695666634097
9.072877568,0.9995217422607785,19.677389632498418
9.07516416,0.9997754824581513,19.57437241725715
9.077450752,1.0000439044047376,19.467546550539392
9.079737344,1.0003100241375291,19.356798362973258
9.082023936,1.0005570190985265,19.242349404056124
9.084309504,1.000768818440986,19.124529481113417
9.086596096,1.0009320953898977,19.003985743325437
9.088882688,1.0010363961119186,18.881505204105345
9.09116928,1.0010750363264675,18.7579714840956
9.093454848,1.0010454740053738,18.634359905403603
9.09574144,1.0009496090093046,18.511677006991334
9.098028032,1.0007932807673532,18.39082421904769
9.100314624,1.0005867253088014,18.272599742034167
9.102601216,1.0003427086011443,18.157666831907623
9.104886784,1.000077060451434,18.046445148485816
9.107173376,0.9998064571805466,17.939132306383865
9.109459968,0.9995483455106615,17.835671525922937
9.11174656,0.9993190538769565,17.735786446477103
9.114032128,0.9991334399798416,17.63893293416417
9.11631872,0.999003284932024,17.544408184377517
9.118605312,0.998936935203691,17.45131466486858
9.120891904,0.9989387394950983,17.35873757586068
9.123178496,0.999008787493226,17.265603173606962
9.125464064,0.9991424616122165,17.1709952843998
9.127750656,0.9993312903388087,17.074048819079433
9.130037248,0.9995632320721322,16.974025379940077
9.13232384,0.9998235270326975,16.87041595871174
9.134609408,1.00009558034944,16.762923225290315
9.136896,1.0003619841526719,16.651518313739217
9.139182592,1.000605876059492,16.536362096747673
9.141469184,1.000811556660413,16.41795547732203
9.143755776,1.0009660296246747,16.296918667072937
9.146041344,1.0010592910166618,16.1740796588764
9.148327936,1.0010854272286516,16.05035793281313
9.150614528,1.0010426834658332,15.92678549503738
9.15290112,1.0009338197153712,15.804273527027084
9.155186688,1.0007654656219844,15.683794895785729
9.15747328,1.000548630224104,15.566098936223922
9.159759872,1.0002968318370247,15.451829439943092
9.162046464,1.0000261691568326,15.341367596613706
9.164333056,0.9997538659800903,15.23486682054465
9.166618624,0.999497377301971,15.132224453708831
9.168905216,0.9992730796496336,15.033108762472004
9.171191808,0.9990952248099011,14.936924550416379
9.1734784,0.9989753876671238,14.842924827073222
9.175764992,0.998921158750737,14.750202940108581
9.17805056,0.998936101059429,14.657785569199818
9.180337152,0.9990193482849757,14.564649881453276
9.182623744,0.9991656944895564,14.469849770343652
9.184910336,0.999365628760447,14.372537507965625
9.187195904,0.9996065424232974,14.271986458182624
9.189482496,0.9998730197521071,14.167741781553874
9.191769088,1.0001481411393494,14.059545390035824
9.19405568,1.0004143454247607,13.947398121129751
9.196342272,1.0006544926155876,13.831558571118899
9.19862784,1.0008535188490069,13.712538802242772
9.200914432,1.0009985763041713,13.591004868013249
9.203201024,1.0010803246510833,13.467801865952916
9.205487616,1.001093593286789,13.343903783129623
9.207773184,1.0010375789704462,13.220322456351335
9.210059776,1.0009155378720114,13.098022152233323
9.212346368,1.0007353943233932,12.977919208302561
9.21463296,1.000508457023261,12.860774486862883
9.216919552,1.000249198288027,12.747192596138138
9.21920512,0.9999741233369568,12.637481709594201
9.221491712,0.9997007558250638,12.531755830260968
9.223778304,0.999446532051425,12.429907718953029
9.226064896,0.99922769164365,12.331499786120997
9.228350464,0.9990582009711172,12.235965456232028
9.230637056,0.9989491737828815,12.142433176744586
9.232923648,0.9989074336732878,12.05004894957175
9.23521024,0.9989357208938583,11.957751977714544
9.237496832,0.9990324108133559,11.864554824440031
9.2397824,0.9991912209464598,11.76949740179786
9.242068992,0.9994021283899076,11.67174781655088
9.244355584,0.9996516787629943,11.57060564019697
9.246642176,0.9999239255689744,11.465683182083506
9.248928768,1.0002014854408456,11.35674881037395
9.251214336,1.0004668137559551,11.243836713303805
9.253500928,1.00070276549473,11.127280661426163
9.25578752,1.0008944349971063,11.00762785174471
9.258074112,1.0010294809216078,10.88558697162453
9.26035968,1.0010993365170113,10.762021262604376
9.262646272,1.0010995395084772,10.63796973544823
9.264932864,1.001029941208619,10.514408286059785
9.267219456,1.0008947943218327,10.392314716936934
9.269506048,1.0007029747280458,10.272607394891551
9.271791616,1.0004664183650498,10.15601120343929
9.274078208,1.000200079394647,10.043071385923104
9.2763648,0.9999211121075547,9.934112271696593
9.278651392,0.9996472238029153,9.829179036857676
9.28093696,0.9993958394730225,9.728085487738557
9.283223552,0.9991831321376932,9.630400196188765
9.285510144,0.9990226961292796,9.535414018179011
9.287796736,0.9989248633438172,9.442348908143183
9.290083328,0.9988959556779239,9.350220667074046
9.292368896,0.9989378307149878,9.257987462613672
9.294655488,0.9990479143756653,9.164643416704267
9.29694208,0.9992191927934503,9.069258765194425
9.299228672,0.999440724941825,8.971013273304376
9.30151424,0.9996985706457774,8.86925085839932
9.303800832,0.999975963120022,8.763593548232725
9.306087424,1.0002555534840214,8.653868309265855
9.308374016,1.0005192382011885,8.540189831668199
9.310660608,1.0007502928953071,8.422894781680318
9.312946176,1.0009340727985585,8.302573469562788
9.315232768,1.0010586786119786,8.180020691447266
9.31751936,1.00111622348625,8.056110417965131
9.319805952,1.001102887951002,7.931878969008559
9.32209152,1.0010197032414148,7.808341848286966
9.324378112,1.0008716076857944,7.6864781281810775
9.326664704,1.0006682099863975,7.567169222759662
9.328951296,1.000422148310065,7.4511310003973845
9.331237888,1.0001493181046424,7.338866695053814
9.333523456,0.9998670348508365,7.2306327971518005
9.335810048,0.9995931752808387,7.12646476997328
9.33809664,0.9993453437304793,7.026106315865773
9.340383232,0.9991394155163613,6.929065145473512
9.342669824,0.9989885907636025,6.834660745536219
9.344955392,0.9989025088194877,6.741960969879698
9.347241984,0.9988867615347169,6.650027906350137
9.349528576,0.9989423648716487,6.5578038418132065
9.351815168,0.9990659204572006,6.464274461035997
9.354100736,0.9992495918495391,6.3685187099434835
9.356387328,0.9994815701396625,6.269704082723762
9.35867392,0.9997471277467701,6.167265426465117
9.360960512,1.0000293334729167,6.060822365987703
9.363247104,1.0003101155150085,5.95028114239383
9.365532672,1.0005716445107864,5.835760615932656
9.367819264,1.0007972975281632,5.717718975460122
9.370105856,1.000972574009114,5.596756886150115
9.372392448,1.0010861268271933,5.47364553978444
9.374678016,1.0011309299035993,5.349406907852422
9.376964608,1.0011040979716217,5.225012188235879
9.3792512,1.0010070310869479,5.101511534994782
9.381537792,1.0008460154044854,4.979890999452312
9.383824384,1.00063114841331,4.860985949815594
9.386109952,1.0003761606676307,4.745502128755776
9.388396544,1.0000972660916017,4.63390190216518
9.390683136,0.9998121263269698,4.526399189691909
9.392969728,0.9995389597894949,4.422974147580198
9.395255296,0.9992953574114255,4.323351581022545
9.397541888,0.9990967446226013,4.226936491317881
9.39982848,0.9989559508131689,4.133005769704083
9.402115072,0.9988820180425502,4.040650843694557
9.404401664,0.9988797836653948,3.948858391426521
9.406687232,0.9989493850390874,3.856585880543028
9.408973824,0.9990864752996367,3.7627884259379973
9.411260416,0.9992822324328271,3.666582569072579
9.413547008,0.9995243801098201,3.567156182718855
9.4158336,0.9997972908729902,3.463980931664058
9.418119168,1.000083661778064,3.356733809755732
9.42040576,1.000365155602104,3.2453088053832815
9.422692352,1.0006239386249003,3.1299616094076748
9.424978944,1.000843454225609,3.0111171901440414
9.427264512,1.0010094987234928,2.889479357183531
9.429551104,1.0011117555248839,2.7658676846756394
9.431837696,1.0011434469092464,2.6412671846262676
9.434124288,1.0011025978025583,2.5167368049573233
9.43641088,1.0009917564193804,2.393297492438204
9.438696448,1.0008179206409946,2.271902843929426
9.44098304,1.0005920083799091,2.153426894338981
9.443269632,1.0003283437508268,2.03847668926083
9.445556224,1.000043840764205,1.927535628578945
9.447841792,0.9997566782495828,1.8207828734772928
9.450128384,0.9994848540369207,1.7180749998497502
9.452414976,0.999246020158987,1.6191110154424206
9.454701568,0.9990553000607054,1.5233064842306319
9.45698816,0.9989252799158557,1.4298232421540444
9.459273728,0.9988639050775081,1.3377445605107847
9.46156032,0.9988755509937888,1.2460509442911512
9.463846912,0.9989591389305591,1.1536520627279088
9.466133504,0.9991097428768448,1.0595284797415605
9.468419072,0.9993175975582735,0.9628248557035766
9.470705664,0.9995693544695519,0.8627055615062922
9.472992256,0.9998491946141257,0.7587627228239948
9.475278848,1.0001392254391452,0.6506183950431288
9.47756544,1.0004208585972258,0.5383303062851507
9.479851008,1.0006761282005534,0.4220844753605662
9.4821376,1.0008888229006394,0.30246064336618
9.484424192,1.001045167143648,0.18012616101839998
9.486710784,1.001135588881417,0.055990855032633936
9.488996352,1.0011537169602047,-0.06893978134566771
9.491282944,1.0010987463997596,-0.1936250710299717
9.493569536,1.0009740018733597,-0.31700567447896044
9.495856128,1.0007873122655393,-0.4381349240964965
9.49814272,1.0005505625998197,-0.5561894640520291
9.500428288,1.0002787891827207,-0.6705598272981996
9.50271488,0.9999891497894505,-0.7808400181952628
9.505001472,0.9997002728478926,-0.8869143837038248
9.507288064,0.9994305582168577,-0.9888869791817606
9.509574656,0.9991971816923654,-1.0872118440424645
9.511860224,0.9990151735099526,-1.1824808423950013
9.514146816,0.998896175426899,-1.2755633744133592
9.516433408,0.9988479091727149,-1.3673954687374401
9.51872,0.9988735112203451,-1.4590836008651118
9.521005568,0.9989713812268086,-1.5516651719790644
9.52329216,0.9991354297613412,-1.6461452602038058
9.525578752,0.999355049379557,-1.7434441429375396
9.527865344,0.9996163405880706,-1.8442561776363846
9.530151936,0.9999025165637613,-1.949075822361808
9.532437504,1.0001955514047516,-2.05811044250176
9.534724096,1.0004766644057215,-2.171358753016477
9.537010688,1.0007278581297443,-2.288473392354566
9.53929728,1.0009330395918414,-2.4089139131643003
9.541582848,1.001079353105239,-2.5319485546609735
9.54386944,1.0011571572573563,-2.6566029064447623
9.546156032,1.0011616509777566,-2.7818773375913355
9.548442624,1.001092341577074,-2.906691894095789
9.550729216,1.0009536841258933,-3.0300104205519887
9.553014784,1.0007544138381146,-3.150875644911597
9.555301376,1.0005071247879123,-3.268501580963095
9.557587968,1.0002274932754378,-3.3822911233067523
9.55987456,0.9999333853891649,-3.491911576165367
9.562160128,0.9996434714825956,-3.597291848178926
9.56444672,0.9993763545342689,-3.698604501926369
9.566733312,0.99914912755932,-3.796278287600157
9.569019904,0.9989763458444257,-3.8910606664960383
9.571306496,0.9988690592580455,-3.9837795916369187
9.573592064,0.9988341821685421,-4.075458623743905
9.575878656,0.9988741001962583,-4.167178729122316
9.578165248,0.9989863465939446,-4.260009484458341
9.58045184,0.9991636213384038,-4.3549346639652695
9.582738432,0.9993948020838888,-4.45285547498153
9.585024,0.9996651039469506,-4.554452686473509
9.587310592,0.9999572923901773,-4.66017709768595
9.589597184,1.0002526895307824,-4.770183303604186
9.591883776,1.0005326300564863,-4.88437611861373
9.594169344,1.0007790119893178,-5.002409165800832
9.596455936,1.000976147796279,-5.123675784576865
9.598742528,1.001111629763093,-5.247396302919606
9.60102912,1.0011766535340068,-5.372582051469261
9.603315712,1.0011670619693132,-5.498182269072961
9.60560128,1.0010833200393898,-5.6231096649093555
9.607887872,1.0009307168797734,-5.7463555016495
9.610174464,1.0007190359513425,-5.866925368876586
9.612461056,1.0004615089077709,-5.9841104587786225
9.614746624,1.000174586238955,-6.097363055710389
9.617033216,0.9998765494214494,-6.206335013456144
9.619319808,0.9995864086951104,-6.311031837811129
9.6216064,0.9993225657954666,-6.411682452777572
9.623892992,0.9991020586982569,-6.508796463362528
9.62617856,0.9989390095932252,-6.603091482408852
9.628465152,0.9988438926721521,-6.695506429446626
9.630751744,0.9988228565606267,-6.7870667452051565
9.633038336,0.9988773280710282,-6.878893368318188
9.635323904,0.9990037985231233,-6.972041694307272
9.637610496,0.9991943618963716,-7.067477336121722
9.639897088,0.9994368934775795,-7.166107846559744
9.64218368,0.9997157787314964,-7.2685455591102865
9.644470272,1.0000132439043876,-7.375183750020234
9.64675584,1.0003105187875303,-7.486168168650304
9.649042432,1.000588402485931,-7.601374307495982
9.651329024,1.0008294119242822,-7.720345740915335
9.653615616,1.0010180099911663,-7.8424657565574325
9.655901184,1.0011420835830078,-7.966886813380641
9.658187776,1.0011938910357339,-8.092590994378536
9.660474368,1.0011698328496361,-8.218502131766728
9.66276096,1.0010715736019407,-8.343549606990125
9.665047552,1.0009050854522843,-8.466689633496197
9.66733312,1.0006810926742022,-8.586998220782439
9.669619712,1.0004137428729272,-8.703746377402863
9.671906304,1.0001200070299925,-8.816405758246876
9.674192896,0.9998185446381479,-8.924746477091798
9.676479488,0.9995287240137192,-9.02876888136734
9.678765056,0.9992688256075486,-9.128781814343983
9.681051648,0.9990558520666506,-9.225342433822766
9.68333824,0.9989031949366616,-9.319233086411002
9.685624832,0.9988206567936664,-9.41142002095274
9.6879104,0.9988138624345517,-9.502928945033638
9.690196992,0.9988830601725155,-9.594889218734233
9.692483584,0.9990239189786658,-9.68841254729915
9.694770176,0.999227650901348,-9.784433634224767
9.697056768,0.9994810099303939,-9.88381758576841
9.699342336,0.9997681579696439,-9.987142908311714
9.701628928,1.000070545712714,-10.094774587373507
9.70391552,1.0003689803819371,-10.206801496986929
9.706202112,1.0006444714018656,-10.323032174758396
9.70848768,1.0008793374622063,-10.442960268868227
9.710774272,1.0010585626800101,-10.565939583729646
9.713060864,1.001170924173814,-10.69105660154788
9.715347456,1.0012089633173062,-10.817264088668006
9.717634048,1.0011702961890385,-10.943505775033099
9.719919616,1.0010572435792906,-11.06864084087743
9.722206208,1.0008771499134328,-11.191677154759805
9.7244928,1.000641136419763,-11.311696984745604
9.726779392,1.0003642882111692,-11.427987477338386
9.72906496,1.000064141943495,-11.540079521130846
9.731351552,0.9997600173710688,-11.647784418568728
9.733638144,0.9994710243610688,-11.751184421696646
9.735924736,0.9992159019790399,-11.850578031280826
9.738211328,0.9990109311435427,-11.94665016281087
9.740496896,0.9988691586992707,-12.04016966010601
9.742783488,0.9987998127016379,-12.132142460817429
9.74507008,0.9988074634630529,-12.223680425643906
9.747356672,0.9988914759160523,-12.315855814707048
9.749643264,0.999046792456962,-12.409812843967746
9.751928832,0.999263296373704,-12.506490190337702
9.754215424,0.9995273740883609,-12.606685132849243
9.756502016,0.9998222224194793,-12.71095060885889
9.758788608,1.0001288828538557,-12.819619580534841
9.761074176,1.0004279007959742,-12.932725453222828
9.763360768,1.0007001266832205,-13.049987112177858
9.76564736,1.0009281669844863,-13.170924666784508
9.767933952,1.0010976990486244,-13.294772486001678
9.770220544,1.0011976199762889,-13.420572174950353
9.772506112,1.001221596230806,-13.547315936520837
9.774792704,1.0011680386897424,-13.673839518091391
9.777079296,1.0010403089983035,-13.799074051463938
9.779365888,1.000846359154554,-13.921982501560498
9.781651456,1.000598678696008,-14.04168202538141
9.783938048,1.000312651235039,-14.157548131853032
9.78622464,1.0000068409698446,-14.26907178589446
9.788511232,0.9997004911341005,-14.376145854838109
9.790797824,0.9994132701520407,-14.478912116117234
9.793083392,0.9991634844087496,-14.57775328079419
9.795369984,0.9989670708031102,-14.673350069332994
9.797656576,0.9988368352391708,-14.766549256292455
9.799943168,0.998781025846453,-14.858386306737696
9.802228736,0.9988034380173093,-14.949959291328557
9.804515328,0.9989025426441035,-15.042466738806485
9.80680192,0.9990721209866809,-15.136921613994998
9.809088512,0.9993014561913319,-15.234301946998233
9.811375104,0.9995759371246534,-15.335355442733757
9.813660672,0.9998778935745922,-15.440639497156402
9.815947264,1.0001882600935743,-15.55038676438304
9.818233856,1.0004870989407917,-15.664611419647919
9.820520448,1.000755437806846,-15.782951093178538
9.822806016,1.0009762033052463,-15.9048818114787
9.825092608,1.001135213090439,-16.029588823479973
9.8273792,1.001222202227631,-16.156094465345625
9.829665792,1.0012317019185801,-16.28333779715818
9.831952384,1.001163116186376,-16.410165665476725
9.834237952,1.0010205393370009,-16.53546493075705
9.836524544,1.0008131167311398,-16.658261313660052
9.838811136,1.000553914036246,-16.77764854797514
9.841097728,1.0002593138316018,-16.893032242593645
9.84338432,0.9999482677193853,-17.00402318592423
9.845669888,0.9996403399607556,-17.11048280777784
9.84795648,0.9993554019581316,-17.212655501670554
9.850243072,0.999111701721371,-17.31095301980235
9.852529664,0.9989245969065195,-17.40609756096845
9.854815232,0.9988064424291857,-17.499027917646664
9.857101824,0.9987646677084576,-17.59077486893441
9.859388416,0.9988020808919675,-17.682527514575796
9.861675008,0.9989164053205316,-17.77536882109621
9.8639616,0.9991002094362228,-17.870389589830722
9.866247168,0.9993421040921066,-17.968535162349554
9.86853376,0.9996264170872748,-18.070530357204152
9.870820352,0.9999351666267039,-18.176869608123507
9.873106944,1.0002485436122752,-18.28774463393251
9.875392512,1.0005466831261502,-18.403100214668694
9.877679104,1.0008103638034762,-18.522558277892628
9.879965696,1.001023098483971,-18.645485157589885
9.882252288,1.0011709958000778,-18.771093141832143
9.88453888,1.0012447749673385,-18.898287034573553
9.886824448,1.0012394836050433,-19.026033178111007
9.88911104,1.0011555499272309,-19.153132934714073
9.891397632,1.0009982011654808,-19.27850036697168
9.893684224,1.0007773074842758,-19.40114943905722
9.895969792,1.0005069366421055,-19.5202473469215
9.898256384,1.0002042862710419,-19.635158191538803
9.900542976,0.9998885151521111,-19.74559188528668
9.902829568,0.9995797900508353,-19.85147277540882
9.90511616,0.9992977846392622,-19.953057784623947
9.907401728,0.9990606947735313,-20.05084504067708
9.90968832,0.9988836932206271,-20.145606889011145
9.911974912,0.9987779958451346,-20.23833028268021
9.914261504,0.9987507091331812,-20.33004358546079
9.916548096,0.9988034575606088,-20.421978577206723
9.918833664,0.998932906945411,-20.515238394492375
9.921120256,0.9991309983581987,-20.610905065375352
9.923406848,0.9993850485127905,-20.709881949323556
9.92569344,0.9996790050625974,-20.812857258108387
9.927979008,0.9999937850832095,-20.920312943433032
9.9302656,1.0003096902498492,-21.03235824746943
9.932552192,1.0006062798534643,-21.1489013153738
9.934838784,1.0008648180199091,-21.269489316616976
9.937125376,1.0010687711701873,-21.393457110767883
9.939410944,1.0012051100965174,-21.51993636352146
9.941697536,1.0012649615551634,-21.647824707398666
9.943984128,1.001244693785004,-21.776065150283504
9.94627072,1.0011453176609304,-21.90343703699098
9.948556288,1.0009732304151255,-22.028870887974243
9.95084288,1.0007389997100484,-22.151349984099895
9.953129472,1.000457919670273,-22.27010866615591
9.955416064,1.0001474658139984,-22.384572959962135
9.957702656,0.9998276475845242,-22.49446539292808
9.959988224,0.9995187196020389,-22.599766374732148
9.962274816,0.9992404801849785,-22.70078142388027
9.964561408,0.9990107504872937,-22.798113794017855
9.966848,0.998844179948265,-22.892551496082316
9.969133568,0.9987516859628761,-22.985086955621192
9.97142016,0.9987391759979514,-23.076848134528014
9.973706752,0.9988074025858731,-23.16903529611487
9.975993344,0.9989522795792429,-23.26279025382539
9.978279936,0.999164456388573,-23.359150542302867
9.980565504,0.9994305053291422,-23.459029167801944
9.982852096,0.999733393942329,-23.56308343458198
9.985138688,1.000053879564783,-23.67167419320893
9.98742528,1.0003715040426766,-23.784935268784906
9.989710848,1.0006660359402826,-23.902680040292005
9.99199744,1.0009186532686722,-24.024436410119463
9.994284032,1.0011131982138708,-24.149439505009486
9.996570624,1.0012372722534526,-24.27678591842538
9.998857216,1.0012830572471496,-24.405407144156108
10.001142784,1.0012473197655547,-24.534104338265596
10.003429376,1.0011323420639389,-24.661729435015353
10.005715968,1.0009454547975296,-24.78720271727191
10.00800256,1.0006982496868406,-24.909547270224383
10.010289152,1.000406739223512,-25.02797480936079
10.01257472,1.0000890994508593,-25.14196406416677
10.014861312,0.9997657865600524,-25.25130786343556
10.017147904,0.9994572984856717,-25.35605079927683
10.019434496,0.9991834762985435,-25.45655239245587
10.021720064,0.998961696496895,-25.553448586473817
10.024006656,0.9988063280454674,-25.64757677866658
10.026293248,0.9987274807725979,-25.74000702168455
10.02857984,0.9987300422910501,-25.831879342051025
10.030866432,0.9988140028313421,-25.92441171671004
10.033152,0.9989742735496727,-26.018699468592317
10.035438592,0.9992003605477973,-26.115858938889136
10.037725184,0.9994779598126772,-26.216672506268953
10.040011776,0.9997896180734985,-26.321818637852093
10.042297344,1.0001151753940365,-26.431611457606945
10.044583936,1.000433988935897,-26.54615016639105
10.046870528,1.0007256386662113,-26.665138935591493
10.04915712,1.0009716627674496,-26.788032825887413
10.051443712,1.0011562196439887,-26.914118147289784
10.05372928,1.0012676777924345,-27.042356378418717
10.056015872,1.0012985678204134,-27.171652910704662
10.058302464,1.0012472277203148,-27.300837190192325
10.060589056,1.00111664359984,-27.428724607083403
10.062874624,1.0009149456812032,-27.55421123263592
10.065161216,1.0006550391476021,-27.676374111620017
10.067447808,1.0003534062917734,-27.79446512405412
10.0697344,1.0000291305755735,-27.907996138503975
10.072020992,0.9997029991148519,-28.016817811072205
10.07430656,0.9993956800360546,-28.121026689338215
10.076593152,0.9991269172802837,-28.221035301143996
10.078879744,0.9989139205537065,-28.31752016528738
10.081166336,0.9987702715253872,-28.411412080935527
10.083451904,0.9987054379854542,-28.50379342902781
10.085738496,0.9987235240619174,-28.595837955281926
10.088025088,0.9988234541168847,-28.68873095988943
10.09031168,0.9989988606140388,-28.783658784987285
10.092598272,0.9992388402891684,-28.88162672023021
10.09488384,0.9995278337264436,-28.983485652735727
10.097170432,0.9998475751712105,-29.089799704164193
10.099457024,1.0001775996714346,-29.20086242707227
10.101743616,1.0004967584762863,-29.316676672885414
10.104030208,1.0007849529570125,-29.436936046499866
10.106315776,1.0010236135835195,-29.56104541343523
10.108602368,1.0011976709490462,-29.68816650326222
10.11088896,1.0012957828550344,-29.817299157182966
10.113175552,1.0013117674711438,-29.947308822959986
10.11546112,1.0012445128308656,-30.076930311919888
10.117747712,1.0010980436754782,-30.205064259229815
10.120034304,1.0008818376188462,-30.330563923874077
10.122320896,1.0006094321819867,-30.452533191232103
10.124607488,1.0002982297589649,-30.570292964488033
10.126893056,0.9999678185205652,-30.68338654079613
10.129179648,0.9996394421276376,-30.791670668620924
10.13146624,0.9993340212383417,-30.8953739639739
10.133752832,0.999071045307835,-30.994907542001556
10.1360384,0.9988673980040177,-31.091063925710376
10.138324992,0.9987361211858438,-31.184751950198688
10.140611584,0.9986858114737098,-31.277111930340077
10.142898176,0.9987196295377162,-31.369388622280688
10.145184768,0.9988356440854581,-31.46276084160968
10.147470336,0.9990264333011786,-31.558384776337025
10.149756928,0.9992798665024575,-31.657259903203865
10.15204352,0.9995798690502932,-31.76019940734014
10.154330112,0.9999071979706597,-31.867711738854364
10.15661568,1.0002410615284971,-31.980084830517548
10.158902272,1.0005601563836939,-32.097228942275294
10.161188864,1.0008441111566395,-32.21877736965117
10.163475456,1.001074778882109,-32.34410696231673
10.165762048,1.0012375476636792,-32.47230802360469
10.168047616,1.0013218533971058,-32.60233529060553
10.170334208,1.0013223839859176,-32.733007989713215
10.1726208,1.0012389725034363,-32.863105795337766
10.174907392,1.0010767853551144,-32.991450664496185
10.177193984,1.000846139562774,-33.1169790055307
10.179479552,1.0005614910195793,-33.23874025229787
10.181766144,1.0002410927564311,-33.35615359709743
10.184052736,0.9999051024643805,-33.46878641934894
10.186339328,0.9995751780423342,-33.5765881890868
10.188624896,0.9992722307291386,-33.67977843347745
10.190911488,0.9990157738407698,-33.77888745192074
10.19319808,0.9988221273824699,-33.87470538744484
10.195484672,0.9987037861010047,-33.96826459666154
10.197771264,0.9986684410044387,-34.06071940600618
10.200056832,0.9987183853657675,-34.15327210887623
10.202343424,0.9988506519150447,-34.24717351191247
10.204630016,0.9990566257718579,-34.34355778510591
10.206916608,0.9993234443703862,-34.443393232509436
10.209202176,0.9996339261771948,-34.547461591134685
10.211488768,0.9999684561610573,-34.65626035974755
10.21377536,1.0003055346825303,-34.76998186712036
10.216061952,1.000623707382238,-34.8884992476581
10.218348544,1.0009027575166185,-35.01139282744917
10.220634112,1.0011247783236934,-35.13793007992037
10.222920704,1.0012756651062382,-35.26721488695289
10.225207296,1.0013456926961926,-35.39813491064957
10.227493888,1.0013304482048355,-35.52948991003104
10.229779456,1.0012306448520163,-35.660044441132165
10.232066048,1.0010526808741236,-35.78857998333727
10.23435264,1.000807694594459,-35.91409416653864
10.236639232,1.0005112156442357,-36.0356789737962
10.238925824,1.0001820491349172,-36.15273511017018
10.241211392,0.9998411908766568,-36.26493883427152
10.243497984,0.9995103365239132,-36.37221389496263
10.245784576,0.9992106946156856,-36.47495905213594
10.248071168,0.998961340686487,-36.57367617275229
10.250356736,0.9987783532886403,-36.66923111962142
10.252643328,0.9986734462436041,-36.76270720068794
10.25492992,0.9986534921115272,-36.85526612052954
10.257216512,0.9987198728216135,-36.948156388981644
10.259503104,0.9988683932138864,-37.04266770678993
10.261788672,0.9990896268785172,-37.1398692721708
10.264075264,0.9993695046153329,-37.240765400445284
10.266361856,0.9996901963769096,-37.346048570440715
10.268648448,1.0000312395156348,-37.45616704543311
10.27093504,1.000370831963952,-37.57128625518483
10.273220608,1.0006875425811355,-37.69120908158062
10.2755072,1.000960896105467,-37.81544763100814
10.277793792,1.001173634006473,-37.943250042762784
10.280080384,1.0013120525347508,-38.073611608554
10.282365952,1.0013673917534072,-38.20543293830123
10.284652544,1.0013359654845497,-38.337439445884414
10.286939136,1.001219731744717,-38.46842373897013
10.289225728,1.0010258154308636,-38.59716728883931
10.29151232,1.0007667122160435,-38.72266315808259
10.293797888,1.000458621601375,-38.84403374183327
10.29608448,1.0001212706156504,-38.96075804703219
10.298371072,0.9997761498453934,-39.07249221047934
10.300657664,0.9994450658947988,-39.17933304701895
10.302943232,0.99914932731554,-39.28160080423321
10.305229824,0.9989078008183316,-39.37995588119366
10.307516416,0.9987362013197992,-39.4753215870291
10.309803008,0.9986452318032513,-39.56874937868058
10.3120896,0.9986411482048615,-39.66149671357585
10.314375168,0.9987241005448771,-39.754837328267364
10.31666176,0.9988889506041537,-39.84997501427351
10.318948352,0.9991252378241859,-39.94809118230341
10.321234944,0.9994179206682524,-40.050083694612965
10.323520512,0.9997483327480671,-40.15661544377359
10.325807104,1.000095379860253,-40.26814708471484
10.328093696,1.0004369651938498,-40.38468957878575
10.330380288,1.0007513791281648,-40.506062529619605
10.33266688,1.0010184360605474,-40.63164883408113
10.334952448,1.0012211712102976,-40.760712247038576
10.33723904,1.0013465660359435,-40.89219576632072
10.339525632,1.0013867331244324,-41.024900491893334
10.341812224,1.001338941112678,-41.1575735735722
10.344098816,1.0012059560165951,-41.28896303273793
10.346384384,1.000996235457422,-41.41790797779938
10.348670976,1.0007232296948794,-41.54337995500587
10.350957568,1.0004039231499562,-41.66453738522816
10.35324416,1.000058918553792,-41.780900427718066
10.355529728,0.9997099229003756,-41.89223073799779
10.35781632,0.9993793874665514,-41.99860844269633
10.360102912,0.9990883028526266,-42.10045826327269
10.362389504,0.9988553687389286,-42.19849599304006
10.364676096,0.9986956029392531,-42.29367097564212
10.366961664,0.9986192994233082,-42.387131403984895
10.369248256,0.9986313621284848,-42.48013239799093
10.371534848,0.9987311646618037,-42.57395737332807
10.37382144,0.9989124347158763,-42.66985152690303
10.376107008,0.9991636227888566,-42.7689155947461
10.3783936,0.9994687197315997,-42.87206387185832
10.380680192,0.999808427781057,-42.979944529942955
10.382966784,1.0001609976405792,-43.092895651840664
10.385253376,1.0005038803198665,-43.21092696170407
10.387538944,1.0008152514431352,-43.333763246708074
10.389825536,1.0010752119286779,-43.46077255333004
10.392112128,1.0012673410714499,-43.591098736830816
10.39439872,1.0013792321785584,-43.72366038257996
10.396684288,1.0014037078554772,-43.857253091693494
10.39897088,1.0013391504774445,-43.99060101269668
10.401257472,1.0011894260284735,-44.122417072845735
10.403544064,1.000964027358804,-44.25151411906263
10.405830656,1.0006771910210648,-44.376937486994805
10.408116224,1.0003472015948363,-44.49791328978486
10.410402816,0.9999950370617602,-44.613920755670996
10.412689408,0.9996428533366442,-44.72482421934728
10.414976,0.9993133867569127,-44.83076289143726
10.417261568,0.9990277211428833,-44.932258326417916
10.41954816,0.9988039921430699,-45.029989501482454
10.421834752,0.9986567388482113,-45.125046511222024
10.424121344,0.9985954150397875,-45.218589461461725
10.426407936,0.9986240600761153,-45.31190356031704
10.428693504,0.9987409190902178,-45.40627750548831
10.430980096,0.9989386093838378,-45.50297602741614
10.433266688,0.9992046018096481,-45.60309155051474
10.43555328,0.9995219873111728,-45.70746133450513
10.437839872,0.9998703036019212,-45.81672263052623
10.44012544,1.0002276179905973,-45.931161472745124
10.442412032,1.0005711562952726,-46.05074338941988
10.444698624,1.000878917443402,-46.175075047347796
10.446985216,1.001131238925542,-46.30349492694457
10.449270784,1.0013121054048348,-46.435119114799846
10.451557376,1.001409868179688,-46.56878255100495
10.453843968,1.0014181848158696,-46.703268092017936
10.45613056,1.0013365188244125,-46.83724556410984
10.458417152,1.0011699321717118,-46.96945284635668
10.46070272,1.000928875411476,-47.09873017172435
10.462989312,1.0006286862238478,-47.22410405746738
10.465275904,1.0002883745507352,-47.34484756190806
10.467562496,0.9999293651406919,-47.46052549823259
10.469848064,0.999574848525258,-47.5710034157106
10.472134656,0.9992473456895176,-47.67654928871904
10.474421248,0.9989676994436936,-47.777664395692625
10.47670784,0.9987540472104248,-47.87517799927826
10.478994432,0.998619794364142,-47.9701563140632
10.48128,0.9985739091578817,-48.06383126614664
10.483566592,0.99861950503837,-48.15751441548835
10.485853184,0.9987535049230417,-48.25254889760009
10.488139776,0.9989676742645412,-48.35011646841135
10.490425344,0.999248240718993,-48.45133496982845
10.492711936,0.9995773505412248,-48.557006271531854
10.494998528,0.9999340787847215,-48.66772653748065
10.49728512,1.000295735223237,-48.78368796685186
10.499571712,1.0006391367893,-48.90481185039813
10.50185728,1.000942459653181,-49.030682403790756
10.504143872,1.001186287207419,-49.16056215969681
10.506430464,1.0013552156112502,-49.29347850756219
10.508717056,1.0014382419022596,-49.42823861623767
10.511003648,1.0014301155470393,-49.56361550440153
10.513289216,1.0013312648993713,-49.69824179236606
10.515575808,1.001147727513706,-49.83083474843028
10.5178624,1.000891143416851,-49.96028364784565
10.520148992,1.000577732523813,-50.085585609734046
10.52243456,1.0002274435794398,-50.20611153494813
10.524721152,0.9998624945300639,-50.321438458743735
10.527007744,0.9995059808432797,-50.43152965096145
10.529294336,0.9991810002240918,-50.536678087974735
10.531580928,0.9989082183053317,-50.63746633305932
10.533866496,0.9987050102547671,-50.734788754090864
10.536153088,0.998584648049459,-50.829756647364476
10.53843968,0.9985547761856104,-50.923641169967496
10.540726272,0.9986175121542351,-51.01778229752072
10.54301184,0.9987689684754035,-51.11348871183955
10.545298432,0.9989994303440731,-51.21199954504474
10.547585024,0.9992944248962694,-51.314404299948585
10.549871616,0.9996350022158103,-51.42142688251163
10.552158208,0.9999995151488964,-51.533642921468804
10.554443776,1.0003647681380847,-51.65119994841356
10.556730368,1.0007074329763832,-51.77394378146841
10.55901696,1.0010056209037343,-51.90136775483336
10.561303552,1.0012404413491869,-52.032720873564685
10.56358912,1.0013967632759646,-52.16693513728764
10.565875712,1.0014646401653293,-52.30281881043547
10.568162304,1.0014396096829403,-52.439049752876144
10.570448896,1.0013232125889895,-52.57429774647815
10.572735488,1.0011226873529109,-52.70727019728173
10.575021056,1.0008506972204134,-52.836853212243604
10.577307648,1.0005243621495,-52.962127924162864
10.57959424,1.0001646286724124,-53.08241976872998
10.581880832,0.9997940764920175,-53.19741818355672
10.5841664,0.9994365947317224,-53.307122027431845
10.586452992,0.9991148195653827,-53.41189947529636
10.588739584,0.9988494913400118,-53.512418190057325
10.591026176,0.9986575998043474,-53.60957585278846
10.593312768,0.9985514216027409,-53.704579627504735
10.595598336,0.9985380116156949,-53.79873031610512
10.597884928,0.9986182879445117,-53.893351417110985
10.60017152,0.9987872540103397,-53.98985496269797
10.602458112,0.9990340300732887,-54.08938072016126
10.604744704,0.9993431200700329,-54.19301669226098
10.607030272,0.9996947021157959,-54.301468191529835
10.609316864,1.0000665216667404,-54.41524589484979
10.611603456,1.0004347833965583,-54.53444184156515
10.613890048,1.0007759695480252,-54.658821628193074
10.616175616,1.0010683457757097,-54.787864393809684
10.618462208,1.0012933988734416,-54.92069416963518
10.6207488,1.0014365723099703,-55.05623190628671
10.623035392,1.001488713103459,-55.19320668894317
10.625321984,1.0014464729741688,-55.3303059132067
10.627607552,1.0013122772455074,-55.466177656442156
10.629894144,1.0010947789941778,-55.59951376037294
10.632180736,1.000807453080349,-55.72923686459853
10.634467328,1.000468729081005,-55.85442978712393
10.636752896,1.0000998673429025,-55.974516649046826
10.639039488,0.999724460312278,-56.08918269276797
10.64132608,0.9993665136691746,-56.19853730359333
10.643612672,0.9990487015669963,-56.30296409538149
10.645899264,0.9987916000322717,-56.40322376788062
10.648184832,0.9986115782217688,-56.50028413338284
10.650471424,0.9985203127457584,-56.595385217960825
10.652758016,0.9985237385676432,-56.68984895022344
10.655044608,0.9986218238019365,-56.78507623553144
10.657330176,0.9988082715302593,-56.88238179392504
10.659616768,0.9990714100782498,-56.98301735425684
10.66190336,0.9993943563675506,-57.08795176106845
10.664189952,0.9997566479983648,-57.197915159381786
10.666476544,1.0001350947139718,-57.313304385195856
10.668762112,1.0005056440472537,-57.43417929159842
10.671048704,1.0008448080495813,-57.56025859739861
10.673335296,1.001130640329359,-57.69089058120718
10.675621888,1.0013451286217971,-57.82521913549399
10.67790848,1.001474540952515,-57.962087352970215
10.680194048,1.0015105256988763,-58.10018471481951
10.68248064,1.0014506670171868,-58.23815583201496
10.684767232,1.0012986478869592,-58.37463729130807
10.687053824,1.0010640945574678,-58.50833867214224
10.689339392,1.0007616935676322,-58.638181781603464
10.691625984,1.0004107352076044,-58.76329934271403
10.693912576,1.0000332913665453,-58.883151199386994
10.696199168,0.9996535719330736,-58.99749935300009
10.69848576,0.999295717737404,-59.10650592616353
10.700771328,0.9989827183014135,-59.21063222663205
10.70305792,0.9987344837036367,-59.31065729579591
10.705344512,0.9985670454715713,-59.40766789410634
10.707631104,0.9984911915748754,-59.50291405365149
10.709916672,0.9985119006739929,-59.59775970828641
10.712203264,0.998628037755214,-59.693634116613
10.714489856,0.9988322170308458,-59.79187818045314
10.716776448,0.999111418624056,-59.893664443639004
10.71906304,0.9994480046196323,-59.99995867837026
10.721348608,0.9998205801601444,-60.11148273318412
10.7236352,1.000205178323126,-60.22852734355923
10.725921792,1.0005774663915474,-60.351147564565025
10.728208384,1.0009135531782596,-60.47893352800645
10.730493952,1.0011923000004617,-60.611240441000916
10.732780544,1.0013957281583246,-60.74707771701946
10.735067136,1.0015107302023707,-60.885287522407026
10.737353728,1.0015299893410226,-61.024497592829135
10.73964032,1.0014522642120967,-61.16332148007831
10.741925888,1.0012823067799248,-61.30038943037311
10.74421248,1.001030691091384,-61.43446166912163
10.746499072,1.000713321227077,-61.56441502433849
10.748785664,1.000350526880227,-61.68945444930525
10.751071232,0.9999651006253888,-61.80908331043877
10.753357824,0.9995817010423054,-61.92312373554506
10.755644416,0.9992246418763241,-62.03179524324585
10.757931008,0.9989170559954762,-62.1356393221573
10.7602176,0.998678406694126,-62.23548950313943
10.762503168,0.9985241298460649,-62.33249508024656
10.76478976,0.998464228783607,-62.42795649943968
10.767076352,0.9985026940154041,-62.523259382658004
10.769362944,0.9986371318996188,-62.619851418982186
10.771649536,0.9988589752913958,-62.719065322033394
10.773935104,0.9991542963107684,-62.822074030796045
10.776221696,0.9995042015898141,-62.92983983774535
10.778508288,0.9998865092471135,-63.04296388838451
10.78079488,1.000276653208121,-63.16174774432794
10.783080448,1.0006500650188646,-63.28612522852904
10.78536704,1.0009826916848465,-63.41568130606173
10.787653632,1.00125342803266,-63.54967158568627
10.789940224,1.0014449736704922,-63.687036584043774
10.792226816,1.0015450550341103,-63.82657284205352
10.794512384,1.001547205815233,-63.96690253995032
10.796798976,1.0014512647164686,-64.10657622458753
10.799085568,1.001262989875639,-64.24424419456952
10.80137216,1.0009943626464524,-64.37864174278366
10.803657728,1.0006624054350255,-64.50871366418873
10.80594432,1.00028802679641,-64.63365366501603
10.808230912,0.999895126168782,-64.75307513256588
10.810517504,0.9995085706873674,-64.86681850955688
10.812804096,0.9991531811290597,-64.97519574987311
10.815089664,0.9988517166134153,-65.07878028214705
10.817376256,0.9986233307125163,-65.17849948019311
10.819662848,0.9984829191434403,-65.27553606824573
10.82194944,0.9984395118293863,-65.37124757773454
10.824235008,0.9984960096704737,-65.46708011487816
10.8265216,0.9986489284078415,-65.56444659754244
10.828808192,0.9988886217500845,-65.66472499240787
10.831094784,0.9991998470216417,-65.76905560662784
10.833381376,0.9995628433586573,-65.8783197616456
10.835666944,0.9999543132927124,-65.99312200477782
10.837953536,1.000349568226327,-66.11368834931599
10.840240128,1.0007232837714402,-66.23988979436187
10.84252672,1.001051646453999,-66.37124443461977
10.844813312,1.0013137716930272,-66.50691825996121
10.84709888,1.0014928705798534,-66.64584248600465
10.849385472,1.0015773145859108,-66.78671628683743
10.851672064,1.0015619778109661,-66.92815347066599
10.853958656,1.0014474512078297,-67.06870078909967
10.856244224,1.001240818960345,-67.20692726380081
10.858530816,1.0009552984704397,-67.34165532116408
10.860817408,1.0006089142347223,-67.47183627696144
10.863104,1.0002234347598888,-67.59670951676665
10.865390592,0.9998234319228273,-67.71589742900645
10.86767616,0.999434518368118,-67.82935698653772
10.869962752,0.9990813589870404,-67.93742574418062
10.872249344,0.998786682181903,-68.04079087844308
10.874535936,0.9985693366230703,-68.14042741106446
10.876821504,0.9984433502681016,-68.23755637587186
10.879108096,0.9984169475004461,-68.33359817444601
10.881394688,0.998491917745644,-68.43000876813227
10.88368128,0.9986635610425896,-68.52825253185101
10.885967872,0.9989209815250647,-68.62963062856147
10.88825344,0.999248021522702,-68.73533203281029
10.890540032,0.9996236515978061,-68.84618840025279
10.892826624,1.0000240129821005,-68.9627091494639
10.895113216,1.0004237016693083,-69.08513397580126
10.897398784,1.0007971250701218,-69.21320521294884
10.899685376,1.0011204979181678,-69.34636500013484
10.901971968,1.001373221147096,-69.48377762522082
10.90425856,1.0015391587620828,-69.62426778258286
10.906545152,1.00160760274706,-69.76649961345824
10.90883072,1.0015742843919375,-69.90904497004875
10.911117312,1.0014409062539724,-70.05041724741467
10.913403904,1.0012158584019666,-70.18924191784221
10.915690496,1.00091346432395,-70.32428531045211
10.917976064,1.0005528071907033,-70.45453394524519
10.920262656,1.000156599956761,-70.57932338203842
10.922549248,0.9997502424536009,-70.69828776344241
10.92483584,0.9993594058414392,-70.81148784524213
10.927122432,0.9990093210978208,-70.91930343337275
10.929408,0.9987221475811539,-71.02246219586243
10.931694592,0.9985164723537278,-71.12204999417942
10.933981184,0.9984054978130237,-71.21932709067882
10.936267776,0.9983966413778155,-71.31574755528555
10.938554368,0.9984903303070956,-71.41280555502765
10.940839936,0.9986808940895054,-71.51198219099682
10.943126528,0.9989562552304688,-71.61457365771948
10.94541312,0.9992988363540708,-71.7217077372798
10.947699712,0.9996868553028269,-71.8342059683451
10.94998528,1.0000956212170171,-71.95255092186315
10.952271872,1.0004990953288355,-72.07682629951712
10.954558464,1.0008715350945074,-72.20681608004759
10.956845056,1.0011892453056368,-72.34186042621272
10.959131648,1.0014319473395572,-72.48102035531802
10.961417216,1.0015841489608281,-72.62307518774836
10.963703808,1.001635945025735,-72.76666845620075
10.9659904,1.001584143325669,-72.91031808978299
10.968276992,1.0014317038821112,-73.05253280251982
10.97056256,1.0011882669922179,-73.19191857800179
10.972849152,1.0008689939214626,-73.32725749522638
10.975135744,1.0004943372382828,-73.45760559215337
10.977422336,1.0000879315815239,-73.58230300378018
10.979708928,0.9996756440248388,-73.70107550130489
10.981994496,0.9992836250632123,-73.81400684482193
10.984281088,0.9989370945637952,-73.92157307629422
10.98656768,0.9986582004449287,-74.02457686781685
10.988854272,0.9984648002043083,-74.12415471142656
10.99113984,0.998369641689537,-74.22163935927301
10.993426432,0.9983786092801609,-74.31850653901662
10.995713024,0.9984915082676923,-74.41629525236281
10.997999616,0.9987011704309392,-74.51646354137868
11.000286208,0.9989943718068411,-74.62032724707429
11.002571776,0.9993523358633651,-74.72896778409323
11.004858368,0.9997523918086025,-74.84318012975187
11.00714496,1.0001690098276768,-74.96337957000912
11.009431552,1.0005756423312198,-75.08960794046594
11.011718144,1.0009464909438701,-75.22153961620471
11.014003712,1.0012578056946972,-75.35846501002173
11.016290304,1.001489797251745,-75.49939266799458
11.018576896,1.0016275593739437,-75.64305824437962
11.020863488,1.0016622011036036,-75.78802350445045
11.023149056,1.0015915024914746,-75.93276267254832
11.025435648,1.0014198066613686,-76.0758032384183
11.02772224,1.0011576229581174,-76.2157586930274
11.030008832,1.000821861033678,-76.35140492122812
11.032295424,1.0004334100642003,-76.4818258142912
11.034580992,1.0000171167843797,-76.6064355138047
11.036867584,0.9995993843922869,-76.72498440012379
11.039154176,0.9992069482212431,-76.83768246959553
11.041440768,0.9988647379744526,-76.94502382226462
11.043726336,0.9985948171582663,-77.0479117615992
11.046012928,0.998414507484175,-77.14753191825453
11.04829952,0.9983354633773575,-77.24525646907779
11.050586112,0.9983629437706056,-77.34263394462356
11.052872704,0.9984952953356734,-77.4412150109256
11.055158272,0.9987242239627785,-77.54243689750781
11.057444864,0.9990351977115298,-77.64764559214707
11.059731456,0.9994083450713394,-77.7578771204144
11.062018048,0.9998200959040938,-77.87385285923067
11.064303616,1.0002441007506582,-77.99598694410835
11.066590208,1.0006533715173025,-78.12420882797232
11.0688768,1.0010219162050824,-78.25814454958494
11.071163392,1.001326134779296,-78.3969986617828
11.073449984,1.0015467016650834,-78.53971550347283
11.075735552,1.0016694417367673,-78.68498403159546
11.078022144,1.0016864185722283,-78.83132059123454
11.080308736,1.0015964810535631,-78.97717392959869
11.082595328,1.001405033675638,-79.12103602959309
11.084880896,1.0011243010949147,-79.26152530571734
11.087167488,1.000771827443852,-79.39746234749347
11.08945408,1.00037004753741,-79.52796079769371
11.091740672,0.9999442986212758,-79.65246422305731
11.094027264,0.9995217825698345,-79.77084997262966
11.096312832,0.9991294206985772,-79.88329136491971
11.098599424,0.9987923245436058,-79.9904393497989
11.100886016,0.9985319654139858,-80.09323551416341
11.103172608,0.9983652875762568,-80.19293966962188
11.1054592,0.9983032314646055,-80.2909906593647
11.107744768,0.9983496008343978,-80.38892697955178
11.11003136,0.9985017872832277,-80.48835144725274
11.112317952,0.9987500525620313,-80.59072561561837
11.114604544,0.9990787154694695,-80.69733329763697
11.116890112,0.9994670066360043,-80.80921091634951
11.119176704,0.9998901350051739,-80.92706235761511
11.121463296,1.0003209122358416,-81.05116050567486
11.123749888,1.0007322475060554,-81.18142750242893
11.12603648,1.0010977759275494,-81.31740179206
11.128322048,1.001394173402611,-81.45822079744069
11.13060864,1.001602629568959,-81.60275849811545
11.132895232,1.0017096404366617,-81.74963746863898
11.135181824,1.0017083875563304,-81.89734379298271
11.137467392,1.0015988414658878,-82.0442855519656
11.139753984,1.001387648113745,-82.18897634962683
11.142040576,1.0010881597789159,-82.33000314062696
11.144327168,1.000719300855738,-82.46623798305181
11.14661376,1.000304245669457,-82.59678866939915
11.148899328,0.999869562623221,-82.72119417908496
11.15118592,0.9994427502453649,-82.83938645874854
11.153472512,0.9990510891268822,-82.95161992717642
11.155759104,0.9987197365792935,-83.0585768731958
11.158044672,0.99846991498511,-83.16134818450095
11.160331264,0.9983175637321696,-83.26115432723125
11.162617856,0.9982727905608045,-83.35956275553734
11.164904448,0.9983387216192053,-83.45815610630481
11.16719104,0.9985109755736077,-83.55849621245467
11.169476608,0.9987787997835477,-83.6620668399355
11.1717632,0.9991252580363418,-83.77017685203717
11.174049792,0.9995282541907224,-83.88379392837189
11.176336384,0.9999623154997891,-84.00353367682885
11.178621952,1.000399439861903,-84.12966406148946
11.180908544,1.000812197723968,-84.26204911367363
11.183195136,1.001174016737286,-84.4000773795218
11.185481728,1.0014619247416816,-84.54289247635963
11.18776832,1.00165757650456,-84.68927124468209
11.190053888,1.0017483260666518,-84.83778975530542
11.19234048,1.0017282871578468,-84.98686879495088
11.194627072,1.0015987080306477,-85.13492884664032
11.196913664,1.0013675082099978,-85.28041416831574
11.199200256,1.0010492192541767,-85.42196694564518
11.201485824,1.0006639713319312,-85.55846242678724
11.203772416,1.0002360648080506,-85.68909685392768
11.206059008,0.9997927631971311,-85.81341231974345
11.2083456,0.9993623203776049,-85.93140942862986
11.210631168,0.9989721689749286,-86.04344036096968
11.21291776,0.998647239001134,-86.15026837456892
11.215204352,0.9984084218672408,-86.2530024404573
11.217490944,0.9982711756941853,-86.3529950310102
11.219777536,0.9982444431980546,-86.45181873607785
11.222063104,0.9983300353373502,-86.55108270546143
11.224349696,0.998522660265937,-86.65240995914016
11.226636288,0.9988102620755731,-86.7572862658862
11.22892288,0.9991744171361963,-86.86695116218577
11.231208448,0.9995920320206764,-86.98234654278167
11.23349504,1.0000366028720797,-87.10407394157036
11.235781632,1.0004796179821243,-87.23230456986494
11.238068224,1.0008931896943563,-87.36682757211705
11.240354816,1.0012505653520833,-87.50698134433777
11.242640384,1.001529298157924,-87.65182754222634
11.244926976,1.0017115283048448,-87.80006178205998
11.247213568,1.0017854299394529,-87.95020946829663
11.24950016,1.0017460192559382,-88.10067965474892
11.251785728,1.0015960428039967,-88.24981930449603
11.25407232,1.0013445492269744,-88.39611880141351
11.256358912,1.001007413394904,-88.53819506425937
11.258645504,1.0006060019489753,-88.674951272292
11.260932096,1.0001655585577698,-88.8056412334348
11.263217664,0.9997141601868094,-88.92986399274096
11.265504256,0.9992805542797901,-89.04768535552628
11.267790848,0.9988923665566317,-89.15953539891781
11.27007744,0.9985746058812354,-89.2662285022471
11.272364032,0.9983476286267328,-89.36897739724327
11.2746496,0.9982260242040476,-89.46921832623154
11.276936192,0.9982179366101583,-89.56849652967867
11.279222784,0.998323756849704,-89.66851853775556
11.281509376,0.9985371187448872,-89.7708989827125
11.283794944,0.998844536191243,-89.87712842418865
11.286081536,0.9992263521453766,-89.98841253731105
11.288368128,0.9996583777589728,-90.10568220099356
11.29065472,1.0001131628289412,-90.22945995855113
11.292941312,1.000561539398678,-90.35984457076913
11.29522688,1.000975169990374,-90.49654350724128
11.297513472,1.0013275351522952,-90.6388716845849
11.299800064,1.001596345975086,-90.7857717572339
11.302086656,1.0017644214835675,-90.93589105084128
11.304372224,1.0018207178238792,-91.08769830661619
11.306658816,1.0017616024748193,-91.23952153279609
11.308945408,1.001590915114444,-91.38977342724012
11.311232,1.0013187601545852,-91.5368634318959
11.313518592,1.0009628398208354,-91.67944369273212
11.31580416,1.0005452238517476,-91.81647222639108
11.318090752,1.0000926086989623,-91.94720461462141
11.320377344,0.9996334385048828,-92.07132832103903
11.322663936,0.9991973551606841,-92.1889828369033
11.324949504,0.9988119119790431,-92.30063390991315
11.327236096,0.9985019188016035,-92.4072537375038
11.329522688,0.998287479297014,-92.51008300596177
11.33180928,0.9981822177867717,-92.61054486624433
11.334095872,0.9981932619038502,-92.71035206506362
11.33638144,0.998319879550682,-92.8111972671239
11.338668032,0.998554333308067,-92.91471133079217
11.340954624,0.998881649805396,-93.02234468287556
11.343241216,0.9992811268831457,-93.13533762741267
11.345526784,0.9997272175714965,-93.25454850973614
11.347813376,1.0001917611477513,-93.38041309023889
11.350099968,1.0006450135509959,-93.5130271349295
11.35238656,1.0010581980967674,-93.6519778333594
11.354673152,1.0014049569730097,-93.79650972523322
11.35695872,1.001663182963397,-93.94548183816121
11.359245312,1.0018162842668052,-94.09750426198194
11.361531904,1.001854514588311,-94.25095647781816
11.363818496,1.0017752018092712,-94.40419954672106
11.366105088,1.001583175745946,-94.55553854498602
11.368390656,1.0012905509322925,-94.70340192042467
11.370677248,1.0009155589256875,-94.84648736764841
11.37296384,1.0004820332333015,-94.98376056500797
11.375250432,1.0000172414496047,-95.11454763932215
11.377536,0.9995510176171496,-95.23857250691324
11.379822592,0.9991129004849539,-95.35605880043234
11.382109184,0.9987308666010951,-95.46756493135985
11.384395776,0.9984294875706963,-95.57410653882215
11.386682368,0.9982281801171137,-95.6770129649755
11.388967936,0.9981399239911394,-95.77779509438298
11.391254528,0.9981705557553228,-95.87817948551263
11.39354112,0.9983184779343494,-95.97990320211201
11.395827712,0.9985741774225729,-96.08461541172363
11.39811328,0.9989216104985309,-96.19375782639332
11.400399872,0.9993386808901448,-96.3085133564453
11.402686464,0.9997988163052232,-96.42970951379684
11.404973056,1.000272703609927,-96.55775445082165
11.407259648,1.000730211742304,-96.69261815659947
11.409545216,1.0011423683673817,-96.83387558802592
11.411831808,1.0014827429161717,-96.98063982098614
11.4141184,1.0017295781684974,-97.13173896102552
11.416404992,1.0018671674886404,-97.28566779850314
11.41869056,1.0018865869885718,-97.44081324221635
11.420977152,1.00178642661277,-97.59544162477123
11.423263744,1.0015729335235364,-97.74786536143428
11.425550336,1.0012592806472245,-97.89652327581308
11.427836928,1.0008652576344563,-98.04009930402063
11.430122496,1.0004158986223717,-98.17758896476845
11.432409088,0.9999395337867151,-98.30842000385309
11.43469568,0.9994664054340298,-98.43234345212115
11.436982272,0.9990268454419696,-98.5496553946707
11.439268864,0.9986488787764998,-98.66103254679533
11.441554432,0.9983567232455891,-98.76754013319258
11.443841024,0.9981692859943658,-98.87055224184196
11.446127616,0.9980987723389758,-98.97169741160987
11.448414208,0.9981498145762882,-99.07271152778152
11.450699776,0.9983192727125719,-99.17538629819356
11.452986368,0.9985967235202889,-99.28133539694933
11.45527296,0.9989643874258455,-99.3920398875288
11.457559552,0.9993989474186409,-99.50864792658784
11.459846144,0.9998728481839525,-99.63191993926525
11.462131712,1.0003557767899594,-99.76220083937964
11.464418304,1.000817187452825,-99.89940309524344
11.466704896,1.001227623871559,-100.04299659520557
11.468991488,1.0015608120196642,-100.19205474653175
11.471277056,1.0017956049916439,-100.34528883974565
11.473563648,1.0019170598595109,-100.50116564241671
11.47585024,1.0019170950970526,-100.65799535418456
11.478136832,1.0017955335682256,-100.81401494060921
11.480423424,1.001560046589167,-100.9675121455925
11.482708992,1.0012252499878382,-101.1169373497942
11.484995584,1.0008121871735904,-101.26099502949238
11.487282176,1.000347038512157,-101.39871675652012
11.489568768,0.9998591816611292,-101.52955505310385
11.491854336,0.9993797930388636,-101.65340678155361
11.494140928,0.9989392901266726,-101.77055601184111
11.49642752,0.9985660276440755,-101.88180143669902
11.498714112,0.9982839108397101,-101.98827151076789
11.501000704,0.9981111060001334,-102.09144779351894
11.503286272,0.998058921984161,-102.1929896476465
11.505572864,0.9981308375193997,-102.29468486752643
11.507859456,0.9983225896760004,-102.39834303809153
11.510146048,0.9986219711445206,-102.50563199159883
11.512431616,0.9990099632363252,-102.61796613834389
11.514718208,0.9994620885645759,-102.73648695041352
11.5170048,0.9999494451704026,-102.86188858953649
11.519291392,1.000441137513165,-102.99446628268792
11.521577984,1.000905903557332,-103.1340717046093
11.523863552,1.0013139858751927,-103.28005841551347
11.526150144,1.0016394051424167,-103.43143147404119
11.528436736,1.0018616057782175,-103.58683788355421
11.530723328,1.00196599508543,-103.74468445557824
11.53300992,1.0019460304419756,-103.9032059765665
11.535295488,1.0018026489071137,-104.06063299656724
11.53758208,1.0015447229588765,-104.2152034207849
11.539868672,1.0011884850172583,-104.36538034146334
11.542155264,1.0007562921484932,-104.50991068429188
11.544440832,1.0002754343490297,-104.6478516457215
11.546727424,0.9997765416356986,-104.77871255130329
11.549014016,0.9992912186839459,-104.90244103709998
11.551300608,0.9988504502028064,-105.01944807513279
11.5535872,0.9984825054264453,-105.13056904650769
11.555872768,0.9982110465939781,-105.2370466647865
11.55815936,0.9980535836366132,-105.34039465006987
11.560445952,0.9980204309585154,-105.4423837859502
11.562732544,0.9981139134899328,-105.54481038643245
11.565018112,0.9983282903867985,-105.64954570013667
11.567304704,0.9986499323862461,-105.7582173411746
11.569591296,0.9990585746974138,-105.87224485930652
11.571877888,0.9995281773559406,-105.99275787955695
11.57416448,1.0000289126473851,-106.1203611724726
11.576450048,1.0005289722141444,-106.25531633226026
11.57873664,1.0009964438714258,-106.39735525212573
11.581023232,1.0014015970362717,-106.54578700773928
11.583309824,1.0017186819930206,-106.69953028785874
11.585595392,1.0019272772702794,-106.85714006434937
11.587881984,1.002014110297285,-107.01696584112791
11.590168576,1.0019734389175532,-107.17720456282808
11.592455168,1.001807593317012,-107.33602301683881
11.59474176,1.001526861932362,-107.49166537204837
11.597027328,1.001148918267996,-107.64260632781738
11.59931392,1.0006973989409655,-107.7875793275755
11.601600512,1.000201028848064,-107.92572493703521
11.603887104,0.9996912597832041,-108.05659592746788
11.606173696,0.999200451875883,-108.18020710546422
11.608459264,0.998759911658795,-108.29706276439555
11.610745856,0.9983980249475845,-108.40807338682671
11.613032448,0.9981379288578519,-108.5145710041919
11.61531904,0.9979966022525312,-108.6181491486024
11.617604608,0.9979831611110996,-108.7206069526961
11.6198912,0.9980987234895882,-108.82381896732103
11.622177792,0.9983362593874682,-108.9296678401304
11.624464384,0.9986806300397941,-109.03978901514697
11.626750976,0.9991100236482876,-109.15560654848994
11.629036544,0.9995971938668338,-109.27814898075054
11.631323136,1.0001111780272585,-109.40804398160358
11.633609728,1.0006191954605377,-109.54541125677059
11.63589632,1.0010889233258204,-109.689963729312
11.638181888,1.0014905467313846,-109.84090829706297
11.64046848,1.001798462586166,-109.9970355756878
11.642755072,1.001992824268609,-110.1568882242407
11.645041664,1.0020613048233378,-110.31871711876359
11.647328256,1.001999234087308,-110.48068369424
11.649613824,1.0018103273446792,-110.6408988367332
11.651900416,1.0015063605727719,-110.79761564837668
11.654187008,1.001106396298427,-110.94927945928706
11.6564736,1.0006355511019314,-111.09469836396035
11.658759168,1.0001235988347836,-111.23302549958613
11.66104576,0.9996031330379068,-111.36389662189714
11.663332352,0.9991072490004743,-111.4873762212873
11.665618944,0.9986675528058371,-111.60407777145755
11.667905536,0.9983123648265989,-111.71499754815812
11.670191104,0.9980644567159044,-111.8215274260166
11.672477696,0.997939931070031,-111.92533794075462
11.674764288,0.9979469609794923,-112.0283167213965
11.67705088,0.9980853527154193,-112.13237823793904
11.679336448,0.9983465423243655,-112.23940126499794
11.68162304,0.99871402174087,-112.35102902614929
11.683909632,0.9991643864198564,-112.46869538745742
11.686196224,0.9996691820431369,-112.59335162693756
11.688482816,1.0001961192533335,-112.72558532247777
11.690768384,1.0007117937459786,-112.86544950772567
11.693054976,1.00118339678369,-113.0125639699741
11.695341568,1.0015808633882861,-113.16604647559089
11.69762816,1.0018788810148664,-113.32464250151972
11.699914752,1.0020583867498891,-113.48677186728247
11.70220032,1.002107744128608,-113.65063082239246
11.704486912,1.0020235794436634,-113.8143103470475
11.706773504,1.001811058742392,-113.97591891142613
11.709060096,1.0014833230186897,-114.13368304145402
11.711345664,1.0010609565149646,-114.28609815374631
11.713632256,1.000570588932359,-114.4319497739182
11.715918848,1.0000432306629359,-114.57043490269398
11.71820544,0.999512370116264,-114.70127848455733
11.720492032,0.9990117397465478,-114.82462274140555
11.7227776,0.9985734772120727,-114.94116671738509
11.725064192,0.9982256236371346,-115.05198146386458
11.727350784,0.9979905805198239,-115.15855330175525
11.729637376,0.9978836394130346,-115.26265063120724
11.731922944,0.997911879709365,-115.36617363423254
11.734209536,0.9980738325724275,-115.47112231263769
11.736496128,0.9983592505152715,-115.57936249971617
11.73878272,0.9987502402021027,-115.69259897495107
11.741069312,0.9992218837088269,-115.81214687163802
11.74335488,0.9997442723071537,-115.9390097876313
11.745641472,1.0002840775767332,-116.07365364030517
11.747928064,1.0008071683261837,-116.21608832018596
11.750214656,1.001280117680197,-116.3658342918365
11.752500224,1.0016727366348448,-116.52190141976034
11.754786816,1.0019602078918166,-116.68299463097979
11.757073408,1.002123966325494,-116.84741725501483
11.75936,1.0021533850638111,-117.01332820599542
11.761646592,1.0020464456885307,-117.1787466882729
11.76393216,1.001809658907944,-117.34176803740453
11.766218752,1.0014576731800013,-117.50058203570089
11.768505344,1.0010126352523925,-117.6536987975974
11.770791936,1.000502506743492,-117.79994654224825
11.773078528,0.9999596786500359,-117.93858519881267
11.775364096,0.9994185897090175,-118.06938633657106
11.777650688,0.9989137759756359,-118.19260996628573
11.77993728,0.9984773378142393,-118.30895937835494
11.782223872,0.9981375191474608,-118.41968645002179
11.78450944,0.9979161874964476,-118.52631456264744
11.786796032,0.9978276500952923,-118.63069362055069
11.789082624,0.9978779931412177,-118.73481581263933
11.791369216,0.9980641273249854,-118.84068799053397
11.793655808,0.9983744874635466,-118.95022197746344
11.795941376,0.9987894030756064,-119.06509231834009
11.798227968,0.9992826169407403,-119.18662446255982
11.80051456,0.9998226511793361,-119.31575456279906
11.802801152,1.000375414854898,-119.45288852275016
11.80508672,1.0009054522402805,-119.59794636196746
11.807373312,1.0013792979552214,-119.75037002295431
11.809659904,1.0017665304201073,-119.9090986700491
11.811946496,1.0020426633327966,-120.0727322855071
11.814233088,1.0021899100597316,-120.23948466141621
11.816518656,1.0021986595593655,-120.40746715485419
11.818805248,1.0020681107467244,-120.57463104013901
11.82109184,1.0018062600161486,-120.73905363828037
11.823378432,1.0014293402374428,-120.89893723590296
11.825664,1.0009610796812398,-121.05274360717372
11.827950592,1.0004311181053536,-121.19936585929553
11.830237184,0.9998727616601643,-121.33813263221587
11.832523776,0.9993215334242664,-121.46887157753534
11.834810368,0.9988127901472534,-121.59190762952876
11.837095936,0.9983788488979684,-121.70810395410297
11.839382528,0.9980476896300868,-121.81870679940383
11.84166912,0.9978407497566381,-121.92541391632219
11.843955712,0.9977714899485507,-122.03008026296824
11.84624128,0.9978446242471155,-122.13482946624072
11.848527872,0.9980557821450946,-122.24166879849246
11.850814464,0.9983916913784806,-122.35254098336146
11.853101056,0.9988310727396321,-122.4691203932202
11.855387648,0.9993461869043142,-122.59267860936495
11.857673216,0.9999041621858002,-122.72413657156847
11.859959808,1.0004695895409503,-122.86382660810348
11.8622464,1.001006493025097,-123.0115879218313
11.864532992,1.0014806849574778,-123.16675648160819
11.866819584,1.0018620615090799,-123.32819848636127
11.869105152,1.002126113600633,-123.49439010770634
11.871391744,1.0022560496657338,-123.6635325585317
11.873678336,1.0022432993712223,-123.83359533831204
11.875964928,1.0020883390443234,-124.0025474872162
11.878250496,1.0018007419782216,-124.16835730987899
11.880537088,1.001398436474332,-124.32926344836082
11.88282368,1.00090663653177,-124.48375444210716
11.885110272,1.0003564088477734,-124.63073124542782
11.887396864,0.9997825923887141,-124.76959260578205
11.889682432,0.9992216121397948,-124.90023692510451
11.891969024,0.9987092413106903,-125.023105606603
11.894255616,0.9982783914305773,-125.13908851876924
11.896542208,0.9979566435352514,-125.24958966596436
11.898827776,0.9977650144828046,-125.356349720638
11.901114368,0.9977158787105802,-125.46136744377819
11.90340096,0.9978127643891902,-125.56676027289616
11.905687552,0.9980496273745157,-125.67460712295532
11.907974144,0.9984119426409945,-125.78686775766475
11.910259712,0.9988764708194736,-125.90520957168212
11.912546304,0.9994137324484198,-126.0308956302034
11.914832896,0.9999898299095286,-126.16474580010707
11.917119488,1.0005678605509982,-126.30706797990108
11.919405056,1.0011113433607308,-126.45760463434834
11.921691648,1.0015855031632608,-126.61558314722502
11.92397824,1.0019601336927448,-126.77979414912075
11.926264832,1.0022113606753758,-126.94863205296912
11.928551424,1.002323140588522,-127.12017347342257
11.930836992,1.002287763474053,-127.29236095272898
11.933123584,1.0021075219876896,-127.46305947269828
11.935410176,1.0017932946367691,-127.63028710425519
11.937696768,1.0013648045640178,-127.79220912540535
11.93998336,1.0008488216118074,-127.94734226712988
11.942268928,1.000277974170805,-128.09466472594684
11.94455552,0.9996884759747173,-128.23358822824883
11.946842112,0.9991177597218386,-128.36411545309457
11.949128704,0.998602189919648,-128.48673566132086
11.951414272,0.9981749139467391,-128.6025100796039
11.953700864,0.9978633092901045,-128.71288260492494
11.955987456,0.997687779413616,-128.8197154394545
11.958274048,0.9976597241768603,-128.9250629293362
11.96056064,0.997781261998002,-129.03112607646472
11.962846208,0.9980449936504225,-129.14001934518578
11.9651328,0.9984342772250342,-129.2537113870939
11.967419392,0.9989245901495513,-129.3738758078583
11.969705984,0.9994846041847754,-129.50174654220928
11.971991552,1.0000789795108669,-129.6380910713622
11.974278144,1.000669857312977,-129.78311107265353
11.976564736,1.0012195331612983,-129.93648009777388
11.978851328,1.001693252682662,-130.09734552715344
11.98113792,1.0020605394820645,-130.26439256483246
11.983423488,1.002298106603636,-130.4358953415099
11.98571008,1.0023906325998804,-130.6098815435897
11.987996672,1.002331964229263,-130.78420397654224
11.990283264,1.0021253884129042,-130.95670720201213
11.992568832,1.0017837161327465,-131.12532507171434
11.994855424,1.0013281972557517,-131.2882446071603
11.997142016,1.0007874787117934,-131.4440099634335
11.999428608,1.000195747698214,-131.5916316668907
12.0017152,0.999590383232954,-131.73057964891865
12.004000768,0.9990099035017654,-131.8609380587443
12.00628736,0.9984915310565035,-131.9833073383287
12.008573952,0.9980683228711895,-132.09881527743698
12.010860544,0.997767654329642,-132.20905747597476
12.013146112,0.9976091223464668,-132.31594556511698
12.015432704,0.9976031078038774,-132.4216436170466
12.017719296,0.9977503986604929,-132.52837810185443
12.020005888,0.9980418412400225,-132.6383517134719
12.02229248,0.998459123134044,-132.7535418049077
12.024578048,0.9989758934699933,-132.87558306067987
12.02686464,0.9995592930083184,-133.00570330196786
12.029151232,1.0001722545136718,-133.14460392820175
12.031437824,1.0007758534009845,-133.29240115091625
12.033724416,1.0013316930903204,-133.4486797949327
12.036009984,1.0018043784857462,-133.61251577148292
12.038296576,1.002163827612686,-133.78244176130104
12.040583168,1.0023869194732444,-133.9566947749115
12.04286976,1.0024592955117833,-134.13316078748466
12.045155328,1.0023761117382324,-134.3096401436569
12.04744192,1.0021422862328184,-134.48392993909152
12.049728512,1.001772070222137,-134.65393720613466
12.052015104,1.0012886251103348,-134.81784905773773
12.054301696,1.0007225233075585,-134.97422092636018
12.056587264,1.0001093062775577,-135.12208571276727
12.058873856,0.9994878605831571,-135.2610262795303
12.061160448,0.9988977740848612,-135.39117890361035
12.06344704,0.9983767978758284,-135.51324653590862
12.065732608,0.9979582778211659,-135.62845531948645
12.0680192,0.9976693220661993,-135.738530040241
12.070305792,0.9975287306898145,-135.8454557336274
12.072592384,0.997545962233499,-135.95148422312943
12.074878976,0.9977200015194119,-136.05892926642122
12.077164544,0.9980403281099632,-136.1700126631373
12.079451136,0.998486653847636,-136.2867289797555
12.081737728,0.9990307967685338,-136.4107213403887
12.08402432,0.9996381061881184,-136.54315417336025
12.086309888,1.0002701628864665,-136.6846819047555
12.08859648,1.0008865766505766,-136.83535608958925
12.090883072,1.00144835676884,-136.99463262961248
12.093169664,1.0019196909208103,-137.1614922043712
12.095456256,1.0022704219221101,-137.3343892666111
12.097741824,1.0024781568312682,-137.5114144169778
12.100028416,1.0025293911416513,-137.69042581314537
12.102315008,1.0024206037283059,-137.86908596541062
12.1046016,1.002158172623432,-138.04518701769445
12.106888192,1.0017583578374376,-138.21657592297873
12.10917376,1.001246095260011,-138.38144939605968
12.111460352,1.0006536534466803,-138.53839489396293
12.113746944,1.0000183683831594,-138.68647026388868
12.116033536,0.9993805801783116,-138.82534279734915
12.118319104,0.998780875448416,-138.95522877751642
12.120605696,0.9982575063312149,-139.07694118294378
12.122892288,0.9978443854926269,-139.19183668366017
12.12517888,0.9975678840848815,-139.30167735485554
12.127465472,0.9974463741546457,-139.4086108363493
12.12975104,0.9974877593659891,-139.5149779557487
12.132037632,0.9976899473453644,-139.6231259772266
12.134324224,0.998040337849781,-139.73534481389333
12.136610816,0.9985168497969085,-139.8536415595315
12.138896384,0.9990892070303565,-139.97965583414557
12.141182976,0.9997213225252162,-140.11447888981786
12.143469568,1.0003728314250029,-140.25871555615092
12.14575616,1.0010024671107447,-140.412306154168
12.148042752,1.0015699817477066,-140.57467905047443
12.15032832,1.0020394710604754,-140.74465258697415
12.152614912,1.0023808652951014,-140.92058757479586
12.154901504,1.0025722988709733,-141.10046500829213
12.157188096,1.0026011721211465,-141.28203738361938
12.159473664,1.002465531994131,-141.46293636516438
12.161760256,1.002173241027084,-141.64085369901102
12.164046848,1.0017425781437799,-141.8136194823125
12.16633344,1.0012003022980778,-141.97942568374177
12.168620032,1.000580696585962,-142.13690442671498
12.1709056,0.9999227088716321,-142.2851290940928
12.173192192,0.9992681011156213,-142.42386356397313
12.175478784,0.9986586338782191,-142.55343512463278
12.177765376,0.9981333792230207,-142.67472510073614
12.180050944,0.9977259313104433,-142.78921724783112
12.182337536,0.9974629853916904,-142.89880547720736
12.184624128,0.9973615425911696,-143.00571803109773
12.18691072,0.9974285482768865,-143.11239668748985
12.189197312,0.9976601592689175,-143.2212651318606
12.19148288,0.9980419932192732,-143.33464329119553
12.193769472,0.9985499149975304,-143.4545577667345
12.196056064,0.9991518018883391,-143.58261387991595
12.198342656,0.999809428872619,-143.71990955111588
12.200629248,1.0004810442488412,-143.866934149662
12.202914816,1.0011239023586218,-144.02357706951474
12.205201408,1.0016972433463245,-144.18912035951766
12.207488,1.0021644859655372,-144.3623057132448
12.209774592,1.002495744536191,-144.5413476785529
12.21206016,1.002669750709672,-144.72413067097006
12.214346752,1.0026751399894112,-144.90833960861076
12.216633344,1.0025110883884987,-145.0914842742083
12.218919936,1.0021876149874887,-145.2712269401364
12.221206528,1.0017245995173656,-145.44536509081044
12.223492096,1.0011510172160953,-145.6120893337448
12.225778688,1.0005030548291531,-145.77003723979144
12.22806528,0.9998214079506834,-145.91837332202803
12.230351872,0.9991496395340376,-146.05691879550648
12.23263744,0.9985302404214452,-146.1860641834353
12.234924032,0.9980032196979954,-146.3068821569119
12.237210624,0.9976024181095751,-146.42088659494638
12.239497216,0.9973537942279568,-146.5301480583051
12.241783808,0.9972735894989401,-146.63700906025483
12.244069376,0.99736765515161,-146.74396641535122
12.246355968,0.9976302245312225,-146.85354440779113
12.24864256,0.9980450808261236,-146.96810735328216
12.250929152,0.9985859437427628,-147.0896772907845
12.25321472,0.9992185426534556,-147.21986637718044
12.255501312,0.999902797151541,-147.35968544299476
12.257787904,1.000595193587324,-147.50961028272707
12.260074496,1.0012517565746657,-147.6693824272707
12.262361088,1.0018307372606077,-147.83820394824357
12.264646656,1.0022952795274072,-148.01466896822478
12.266933248,1.002615577228772,-148.1969144870085
12.26921984,1.0027710433420864,-148.38269688836428
12.271506432,1.002751470592531,-148.56956677009418
12.273793024,1.0025575721546527,-148.7550203880184
12.276078592,1.0022011564808198,-148.93659896211219
12.278365184,1.0017042148922217,-149.1121043488072
12.280651776,1.001097923192487,-149.27970105463316
12.282938368,1.0004202861150417,-149.43807021817477
12.285223936,0.9997141652733368,-149.58643429622876
12.287510528,0.9990245094876631,-149.72469022557198
12.28979712,0.9983951433969738,-149.85334581520772
12.292083712,0.9978665530017718,-149.97354619569998
12.294370304,0.9974728643589383,-150.0870211354074
12.296655872,0.9972396168127595,-150.195887210913
12.298942464,0.99718219704765,-150.30261927590595
12.301229056,0.9973048515389642,-150.40984435721072
12.303515648,0.9976001404562326,-150.52012237905535
12.305801216,0.9980497444344718,-150.63586632305592
12.308087808,0.9986251115924131,-150.75913287150436
12.3103744,0.9992900136221257,-150.89150327582848
12.312660992,1.0000021105111174,-151.03394494271043
12.314947584,1.0007161734346206,-151.18684368523944
12.317233152,1.0013869539458713,-151.3498492075853
12.319519744,1.0019715753395386,-151.52206105240455
12.321806336,1.0024329829449936,-151.7019498678947
12.324092928,1.0027413644106544,-151.8874633483019
12.326378496,1.0028771366970162,-152.0763320252397
12.328665088,1.0028311280877678,-152.2659463779593
12.33095168,1.0026055716364424,-152.45372926958677
12.333238272,1.002214283948223,-152.63714643394826
12.335524864,1.0016816161764115,-152.814006550109
12.337810432,1.0010408029204152,-152.98244771010064
12.340097024,1.000332050031161,-153.14116955113826
12.342383616,0.9996002905468667,-153.28948767088391
12.344670208,0.9988919065620755,-153.42735748202864
12.346955776,0.998252267206533,-153.55540498806613
12.349242368,0.9977223606062271,-153.67493034161464
12.35152896,0.9973363796014819,-153.78773558516474
12.353815552,0.9971196392927774,-153.8961237794844
12.356102144,0.9970864783431083,-154.00266365407532
12.358387712,0.9972395777903038,-154.11008677830483
12.360674304,0.9975695240009632,-154.22103673709145
12.362960896,0.9980558830744383,-154.33799080850056
12.365247488,0.9986678709905564,-154.46299354270158
12.36753408,0.9993666458913857,-154.59760557965225
12.369819648,1.0001080265681879,-154.7427678902085
12.37210624,1.0008448439394715,-154.89874523877472
12.374392832,1.0015302676160165,-155.0651133940224
12.376679424,1.0021206359494275,-155.2408080375613
12.378964992,1.0025783182015742,-155.42420402011538
12.381251584,1.002874090423531,-155.6131516198769
12.383538176,1.0029886082426653,-155.80517207184147
12.385824768,1.0029142757715157,-155.99761542291137
12.38811136,1.0026551039194602,-156.18774688631171
12.390396928,1.0022270150701653,-156.37304538050992
12.39268352,1.0016564389520772,-156.55123127061356
12.394970112,1.0009789842555605,-156.7204553766899
12.397256704,1.0002373629346666,-156.87947144568977
12.399542272,0.9994785019761786,-157.02762314376076
12.401828864,0.9987506756770209,-157.16499668725552
12.404115456,0.9981003044489047,-157.2923226880619
12.406402048,0.9975692976982817,-157.41100136113488
12.40868864,0.9971919857055874,-157.52302943179907
12.410974208,0.9969930228614976,-157.6308217796487
12.4132608,0.9969858434179438,-157.73709293221646
12.415547392,0.9971712703903897,-157.84465944364797
12.417833984,0.997538341033275,-157.95627191916725
12.420119552,0.9980637838179461,-158.07441819517433
12.422406144,0.998714459895149,-158.2011980731477
12.424692736,0.9994493034498355,-158.33813004581322
12.426979328,1.0002216921673612,-158.4860853688465
12.42926592,1.0009823561397346,-158.64525994463992
12.431551488,1.0016831132476272,-158.8151113307818
12.43383808,1.0022793405154935,-158.9944717842331
12.436124672,1.002732880071627,-159.18150548415088
12.438411264,1.003014804054973,-159.3739848262443
12.440696832,1.003106619117517,-159.56926651172768
12.442983424,1.003001971762256,-159.76458944962678
12.445270016,1.0027068962801218,-159.95715992586577
12.447556608,1.002239329746001,-160.14434139541697
12.4498432,1.001628365028228,-160.32383214186507
12.452128768,1.0009120385097967,-160.493799562582
12.45441536,1.0001355410114638,-160.65301026103006
12.456701952,0.9993480522612954,-160.80090525436734
12.458988544,0.9985995970080366,-160.9376234670482
12.461275136,0.9979380240345914,-161.0640770066673
12.463560704,0.9974060498276691,-161.18179100982007
12.465847296,0.9970382076216274,-161.29288667533064
12.468133888,0.9968584530829512,-161.3999585282916
12.47042048,0.9968790960312085,-161.5058364200035
12.472706048,0.9970994677002497,-161.61347285469077
12.47499264,0.9975059689375673,-161.72568872670516
12.477279232,0.9980733276750804,-161.8450444192769
12.479565824,0.9987654880990127,-161.9736324036309
12.481852416,0.9995387675705424,-162.11294130300308
12.484137984,1.0003440153735992,-162.26381348932645
12.486424576,1.0011301521171152,-162.4263167971342
12.488711168,1.001847186389667,-162.59981042537984
12.49099776,1.0024493049131482,-162.78295515137847
12.493283328,1.0028982366969057,-162.9738123706212
12.49556992,1.0031650622196748,-163.1699494864565
12.497856512,1.0032322805657174,-163.36863900537958
12.500143104,1.0030951567406925,-163.56695493370896
12.502429696,1.0027614058853005,-163.7619967135004
12.504715264,1.0022516028136434,-163.95107776826674
12.507001856,1.0015971516835431,-164.13185164250925
12.509288448,1.0008392670353092,-164.30250180829384
12.51157504,1.0000253595487996,-164.46179558004889
12.513860608,0.9992071886542555,-164.60929195669092
12.5161472,0.9984367487944511,-164.745217288624
12.518433792,0.9977634816845985,-164.8705984111576
12.520720384,0.9972306274470728,-164.9871570987718
12.523006976,0.9968731340880335,-165.09714872825515
12.525292544,0.996714271435375,-165.20334938760337
12.527579136,0.9967651169749543,-165.30870923486134
12.529865728,0.9970229884074177,-165.41630706498322
12.53215232,0.9974722051721654,-165.52907856341736
12.534438912,0.9980844770455493,-165.6496368874223
12.53672448,0.998821174481995,-165.7800693996414
12.539011072,0.9996356708584037,-165.9218649796309
12.541297664,1.0004763306069127,-166.0757573978587
12.543584256,1.0012896395854916,-166.24174828430318
12.545869824,1.0020239447368224,-166.41903363745823
12.548156416,1.0026323512216266,-166.60615613568245
12.550443008,1.0030761486349766,-166.80099622685347
12.5527296,1.0033265065796753,-167.0009810522374
12.555016192,1.0033671793055898,-167.2031899822064
12.55730176,1.003194750464751,-167.40459672134673
12.559588352,1.002819159198289,-167.6022034657477
12.561874944,1.002263656801779,-167.79320171389384
12.564161536,1.0015625907308483,-167.97523452394012
12.566447104,1.0007596481544123,-168.1464852746272
12.568733696,0.9999056768200616,-168.30576140086643
12.571020288,0.999054453746818,-168.45268326273379
12.57330688,0.998260466175729,-168.58762317998602
12.575593472,0.9975745986597311,-168.71174180085515
12.57787904,0.9970412118501157,-168.8269123910336
12.580165632,0.9966949336041547,-168.93558935248296
12.582452224,0.996558833333932,-169.04072077891604
12.584738816,0.9966424628739072,-169.14540376008657
12.587024384,0.9969411506875004,-169.2528619882376
12.589310976,0.997436562974801,-169.3661178015336
12.591597568,0.9980976194778068,-169.4878634441598
12.59388416,0.9988826129540027,-169.62018308449373
12.596170752,0.9997417792828429,-169.7645374717338
12.59845632,1.0006206217157663,-169.92159738235557
12.600742912,1.0014631575841033,-170.09123452438806
12.603029504,1.0022161553452689,-170.27254643464352
12.605316096,1.0028312100611474,-170.46383707587498
12.607601664,1.0032690699459255,-170.6628645942737
12.609888256,1.0035015460301493,-170.8668899442919
12.612174848,1.0035131073262435,-171.07281832081665
12.61446144,1.0033022429664058,-171.27744859551186
12.616748032,1.002881291315531,-171.47768557104897
12.6190336,1.0022760077213426,-171.67064099408876
12.621320192,1.001524058267944,-171.85390428893584
12.623606784,1.0006724395823334,-172.025662462852
12.625893376,0.9997745511604317,-172.18475937184132
12.628179968,0.9988877104728391,-172.3309284861435
12.630465536,0.9980681977210926,-172.46465099891608
12.632752128,0.9973688657809138,-172.58725394034872
12.63503872,0.9968348644672783,-172.70079346803038
12.637325312,0.9965011494905949,-172.80791913754038
12.63961088,0.9963900801411443,-172.91173188527205
12.641897472,0.9965096130589793,-173.01554854533939
12.644184064,0.9968528865954182,-173.1227372123608
12.646470656,0.9973987698775839,-173.23640623278717
12.648757248,0.9981130837113013,-173.3593101061819
12.651042816,0.9989507531673539,-173.49356008328596
12.653329408,0.999858510044111,-173.64057428567023
12.655616,1.0007789819757649,-173.80097432896426
12.657902592,1.0016535382247198,-173.97446729903797
12.66018816,1.0024265696192969,-174.1600125646198
12.662474752,1.0030487370550802,-174.3557494921641
12.664761344,1.0034800372428303,-174.55924050611537
12.667047936,1.0036926847576584,-174.7675273021621
12.669334528,1.0036723021343554,-174.97736137452654
12.671620096,1.0034191905784522,-175.1853694459457
12.673906688,1.0029483883394368,-175.38834055867218
12.67619328,1.0022886328211729,-175.58328325261544
12.678479872,1.0014809300614136,-175.76773754139813
12.68076544,1.0005757615607724,-175.93989165196902
12.683052032,0.9996301166303889,-176.0986740160767
12.685338624,0.9987040470270367,-176.24384798679463
12.687625216,0.9978566382371129,-176.3760799543981
12.689911808,0.9971425612055475,-176.49687881699091
12.692197376,0.9966081597451585,-176.6084614074
12.694483968,0.9962884445397967,-176.7137253706687
12.69677056,0.9962049853319269,-176.81595405163014
12.699057152,0.9963640931246984,-176.9186729756268
12.701343744,0.9967565918863857,-177.0254017712966
12.703629312,0.9973581999588194,-177.13938024438616
12.705915904,0.9981312200858643,-177.2634172901298
12.708202496,0.9990266830130496,-177.39967690200925
12.710489088,0.9999882062958432,-177.54949136462338
12.712774656,1.0009543623728958,-177.7134003177026
12.715061248,1.001863919169934,-177.89102470570188
12.71734784,1.0026590525098784,-178.08107620387878
12.719634432,1.0032888765011454,-178.2815599204488
12.721921024,1.0037128442545713,-178.48980378018618
12.724206592,1.0039033673461766,-178.70262933752068
12.726493184,1.00384764146072,-178.91660993508
12.728779776,1.0035477200494172,-179.12822622652513
12.731066368,1.0030217593115829,-179.33403786641463
12.733351936,1.0023017710952289,-179.5310206689296
12.735638528,1.0014323866130606,-179.71664522819736
12.73792512,1.0004678642983806,-179.88906764122993
12.740211712,0.9994692036422745,179.95269624983476
12.742498304,0.9984997686424316,179.8087806503775
12.744783872,0.9976215795082468,179.67835890041295
12.747070464,0.9968914208506736,179.55976487018543
12.749357056,0.996356593192214,179.45049437690912
12.751643648,0.9960524898354184,179.34745969690454
12.753929216,0.9959998980438647,179.24716838468302
12.756215808,0.9962030869419378,179.14580521320408
12.7585024,0.9966502940515441,179.03974973872377
12.760788992,0.9973137829243195,178.92558651298805
12.763075584,0.9981520849090096,178.80042352079667
12.765361152,0.9991120911127429,178.66214770714217
12.767647744,1.0001331232689932,178.50935075905994
12.769934336,1.001150173519567,178.3416877313149
12.772220928,1.0020986634495153,178.15967729808668
12.774506496,1.0029182805669439,177.96473934231824
12.776793088,1.003556456587583,177.7591359810648
12.77907968,1.0039720698090915,177.54575367001246
12.781366272,1.0041381020103968,177.32801736672178
12.783652864,1.004042639230718,177.10957909765722
12.785938432,1.0036906048428624,176.8941622826013
12.788225024,1.0031028060111191,176.68533973468556
12.790511616,1.0023155342631196,176.48624887427926
12.792798208,1.0013770678153537,176.29951988236067
12.7950848,1.0003463482914434,176.12694890148043
12.797370368,0.9992884503784709,175.9695055325775
12.79965696,0.9982706125939987,175.8271792312115
12.801943552,0.9973579658583321,175.69898759289103
12.804230144,0.9966097558969516,175.58300768671197
12.806515712,0.996074803995205,175.4765256292155
12.808802304,0.9957882906990385,175.37618279265104
12.811088896,0.995770326674685,175.27819390052298
12.813375488,0.9960231344770696,175.17856807063646
12.81566208,0.996531848790836,175.07343275205398
12.817947648,0.9972650649695924,174.95923848163338
12.82023424,0.9981767503643575,174.8330028869474
12.822520832,0.9992092278892751,174.69256417797507
12.824807424,1.0002972306300348,174.53664093965597
12.827092992,1.0013714729268899,174.3649249774745
12.829379584,1.0023638373308434,174.1781223911665
12.831666176,1.003210830112557,173.9778838483476
12.833952768,1.0038584500031709,173.76670306114107
12.83623936,1.004264552334177,173.54772633887077
12.838524928,1.0044026156426973,173.32465035208602
12.84081152,1.0042622744119047,173.10134343242075
12.843098112,1.0038512634969063,172.88182201997344
12.845384704,1.0031937482161928,172.6697559553264
12.847670272,1.0023300482186819,172.46851008930693
12.849956864,1.001313583474402,172.28070998212047
12.852243456,1.0002079938635569,172.10818577163798
12.854530048,0.9990829870278772,171.95183045323662
12.85681664,0.99801025141771,171.81148871149267
12.859102208,0.9970588010849841,171.68599790686707
12.8613888,0.9962901283301987,171.5731987290705
12.863675392,0.9957547351000602,171.47008825301685
12.865961984,0.9954885434188814,171.37300039367224
12.868248576,0.9955100446832056,171.27784199332217
12.870534144,0.9958194292364985,171.18037762777618
12.872820736,0.9963982331275706,171.07645905447197
12.875107328,0.997210729067187,170.96241133409902
12.87739392,0.9982059661706166,170.83514673447536
12.879679488,0.9993210177018581,170.69247865099598
12.88196608,1.000485133156714,170.53314497480687
12.884252672,1.0016246289391724,170.35700716633238
12.886539264,1.0026667872051314,170.1649322030717
12.888825856,1.003545179132594,169.9588507738628
12.891111424,1.0042033315527295,169.74147806443463
12.893398016,1.0045986442045942,169.51632586102565
12.895684608,1.0047046539158817,169.28732508227267
12.8979712,1.0045130917105904,169.05869846665928
12.900256768,1.004034463779444,168.83464711039588
12.90254336,1.0032969728266088,168.6191143355822
12.904829952,1.0023458412967512,168.4155754745262
12.907116544,1.0012398174940909,168.22675476462877
12.909403136,1.000048229402264,168.0544875055465
12.911688704,0.9988461927504919,167.89957665027143
12.913975296,0.9977105293007321,167.7617501606306
12.916261888,0.996714257186392,167.639567810402
12.91854848,0.9959222340979291,167.5306441747269
12.920834048,0.9953867182751952,167.4316002965621
12.92312064,0.9951437309870691,167.33848248431332
12.925407232,0.9952108009901021,167.24678823092714
12.927693824,0.9955854099126811,167.15200799569362
12.929980416,0.9962451948320636,167.04973476251223
12.932265984,0.9971493445252785,166.93607652986523
12.934552576,0.9982410432632396,166.80782508911875
12.936839168,0.9994514609390409,166.6627544324622
12.93912576,1.0007038418158256,166.4997014488673
12.941411328,1.0019186737474937,166.31864118093287
12.94369792,1.0030184774279916,166.120697191849
12.945984512,1.0039330205266512,165.90802525965222
12.948271104,1.0046035218946763,165.68372103125614
12.950557696,1.0049860363241685,165.4515947570997
12.952843264,1.0050549656050356,165.215978395585
12.955129856,1.0048038222498137,164.98135373606954
12.957416448,1.0042464898979115,164.75227687911277
12.95970304,1.0034161096081733,164.53292245676965
12.961989632,1.0023632044189403,164.32692671323045
12.9642752,1.0011529126881311,164.13713074088722
12.966561792,0.9998609298949079,163.9653738889917
12.968848384,0.9985690657395822,163.81238894171125
12.971134976,0.9973597820302091,163.67768105885628
12.973420544,0.9963112456808675,163.559636889346
12.975707136,0.9954919180063541,163.45544764462147
12.977993728,0.994956101043617,163.36142771305416
12.98028032,0.9947404518788155,163.27312694185207
12.982566912,0.9948609867268212,163.18574795998546
12.98485248,0.9953120973313236,163.09434930401824
12.987139072,0.9960668334327826,162.99422889646436
12.989425664,0.9970785851143209,162.88121672551026
12.991712256,0.9982836825981203,162.75202972008032
12.993997824,0.9996062615826558,162.6043698504153
12.996284416,1.0009624376322102,162.43716188428058
12.998571008,1.0022659327335262,162.25054355622808
13.0008576,1.0034336362858374,162.0458956636152
13.003144192,1.0043908594443134,161.82571656378715
13.00542976,1.0050758774466888,161.5934538083285
13.007716352,1.0054435122859695,161.35334810305105
13.010002944,1.0054685163045924,161.11009597963306
13.012289536,1.0051469795634376,160.8686233193954
13.014575104,1.0044966498492371,160.6338341038552
13.016861696,1.0035561013407541,160.41016822988593
13.019148288,1.0023826220879757,160.20148420931767
13.02143488,1.0010484805263047,160.01075725228475
13.023721472,0.9996373605106881,159.83983779450762
13.02600704,0.9982385879027944,159.68935155401965
13.028293632,0.9969417223449836,159.55863685941944
13.030580224,0.9958307373420269,159.44571362778214
13.032866816,0.9949787929485632,159.3474185147611
13.035153408,0.9944426513101429,159.25959489232343
13.037438976,0.9942595924016931,159.1773483776326
13.039725568,0.9944439032673572,159.0953546586308
13.04201216,0.9949865427457505,159.00822594168648
13.044298752,0.9958550259830883,158.91088765269518
13.04658432,0.9969955324003028,158.79891526585206
13.048870912,0.998336662263133,158.66883191463373
13.051157504,0.9997936798071034,158.51833165249013
13.053444096,1.0012743457768236,158.34635737126132
13.055730688,1.002684452789527,158.1533003303562
13.058016256,1.003933926017952,157.94083963777064
13.060302848,1.0049426861709057,157.71184371393667
13.06258944,1.00564507282895,157.47026579471645
13.064876032,1.0059949244983633,157.2207576519974
13.0671616,1.0059671776325043,156.96856027795326
13.069448192,1.00556075071446,156.71906186573028
13.071734784,1.004798150874178,156.4775679570117
13.074021376,1.0037244108646366,156.24891989827557
13.076307968,1.002404653410634,156.03721751357037
13.078593536,1.0009204579649351,155.84558747361496
13.080880128,0.9993646188028472,155.67591146760262
13.08316672,0.9978357513078577,155.52871147834912
13.085453312,0.9964321275106235,155.40305747920735
13.08773888,0.9952450395104915,155.29661129520767
13.090025472,0.9943529643649891,155.20576824852688
13.092312064,0.9938163400678859,155.12576709805137
13.094598656,0.9936728503004317,155.05115891417734
13.096885248,0.9939351810217346,154.97599457604306
13.099170816,0.9945898326790048,154.89434185882251
13.101457408,0.9955975058712215,154.80069339152197
13.103744,0.996895995530143,154.69023246949854
13.106030592,0.9984040134275569,154.5593010968296
13.10831616,1.0000264925875189,154.40550195979824
13.110602752,1.0016603119859775,154.22794683887057
13.112889344,1.003201731425736,154.02724241548665
13.115175936,1.0045521855628043,153.8053921726485
13.117462528,1.0056245890873894,153.56580006122073
13.119748096,1.0063490654563092,153.31293038420114
13.122034688,1.0066769776285125,153.0520666763541
13.12432128,1.0065843682511542,152.789038478382
13.126607872,1.0060731051915706,152.52981954351773
13.128894464,1.005171364729814,152.28024421283718
13.131180032,1.0039322700981914,152.04561209617685
13.133466624,1.0024308632521148,151.8303617303589
13.135753216,1.0007594033100617,151.6378168121096
13.138039808,0.9990227263790473,151.4698929183815
13.140325376,0.9973310978002593,151.32700128573572
13.142611968,0.9957935063352964,151.20792681085493
13.14489856,0.9945106218189065,151.1098833559572
13.147185152,0.993567863766148,151.02858751389277
13.149471744,0.9930299653143517,150.9587017126175
13.151757312,0.9929359067144266,150.8939292880684
13.154043904,0.9932961536824683,150.82763734795856
13.156330496,0.9940915183662482,150.75317598704046
13.158617088,0.9952749289015861,150.66441853090822
13.160902656,0.996772929015723,150.55614640549882
13.163189248,0.998492141345269,150.42438270079612
13.16547584,1.000324023012367,150.266710732896
13.167762432,1.0021524166029103,150.08233317742148
13.170049024,1.0038609489635566,149.87214346247745
13.172334592,1.0053401571579499,149.63863956261577
13.174621184,1.00649421161082,149.3858127709288
13.176907776,1.0072473540979872,149.11882325208398
13.179194368,1.0075482854495177,148.84369225994814
13.181479936,1.007373402618933,148.56704734426117
13.183766528,1.0067285029584327,148.29558436787562
13.18605312,1.0056489762286593,148.0358465655377
13.188339712,1.0041979783284807,147.7937063630959
13.190626304,1.0024628123500239,147.57406363870606
13.192911872,1.0005502555618682,147.38050451657375
13.195198464,0.9985797769325769,147.2150288899236
13.197485056,0.9966769023047479,147.07790207378403
13.199771648,0.9949649897832425,146.96754017854138
13.20205824,0.9935568050514003,146.8805473243822
13.204343808,0.992547255542322,146.81196165384276
13.2066304,0.9920068691843403,146.755460264991
13.208916992,0.9919762809681061,146.70380727682257
13.211203584,0.9924634699558931,146.64935786380107
13.213489152,0.9934425521677319,146.58454392465526
13.215775744,0.9948553811644896,146.5024823644557
13.218062336,0.9966150660440886,146.3973240725456
13.220348928,0.998611667549143,146.26476140810004
13.22263552,1.0007195303649048,146.1022329839004
13.224921088,1.002804921975973,145.90910290619482
13.22720768,1.0047347663185309,145.68667451425011
13.229494272,1.0063851719664285,145.43802872677335
13.231780864,1.0076488271117163,145.16791268641555
13.234066432,1.0084415045750443,144.88241219205176
13.236353024,1.0087079508181465,144.5885502808761
13.238639616,1.0084250532024424,144.29391908627676
13.240926208,1.0076034421916635,144.00628694003962
13.2432128,1.0062873725811297,143.7330503470789
13.245498368,1.0045531240349133,143.48093332932578
13.24778496,1.0025044824721658,143.25544012319213
13.250071552,1.000266823833575,143.06056019701774
13.252358144,0.9979800144722817,142.89843458731764
13.254643712,0.9957903913022953,142.76916920539975
13.256930304,0.9938403705182849,142.6707044291096
13.259216896,0.992259789994848,142.59891398840975
13.261503488,0.9911569379047054,142.547779622339
13.26379008,0.9906108700687988,142.5097495567927
13.266075648,0.9906650544106129,142.4762635637152
13.26836224,0.991324408787279,142.43829805271622
13.270648832,0.9925542736552778,142.38702166120567
13.272935424,0.9942820090989182,142.3144119444124
13.275220992,0.996401860795245,142.21381336537675
13.277507584,0.9987820417362887,142.08037758748304
13.279794176,1.0012726429417642,141.91138833137285
13.282080768,1.0037159010315468,141.70636540574645
13.28436736,1.0059555533197493,141.46713591297438
13.286652928,1.0078471432459635,141.1975951096299
13.28893952,1.0092666642825299,140.90353464310942
13.291226112,1.0101182718746198,140.59227952374425
13.293512704,1.010340251775298,140.27218748069032
13.295799296,1.009908881248769,139.952303052068
13.298084864,1.0088409119187578,139.64174735491557
13.300371456,1.0071928009992421,139.34929421767924
13.302658048,1.005058222922725,139.08279481021154
13.30494464,1.002563610802061,138.84870741738237
13.307230208,0.9998609379814133,138.6516522136062
13.3095168,0.997119152039994,138.49406179908758
13.311803392,0.994513656050862,138.37586423405276
13.314089984,0.9922158288725104,138.29441468583903
13.316376576,0.9903807125535058,138.24451957023962
13.318662144,0.989137046892777,138.21872484372344
13.320948736,0.9885771266532754,138.20769789146092
13.323235328,0.9887499679824907,138.20090381867658
13.32552192,0.9896571543787632,138.18727712883225
13.327807488,0.9912519572823859,138.1560884354696
13.33009408,0.9934414461549804,138.09763324564227
13.332380672,0.9960928184698122,138.0039818430071
13.334667264,0.9990419399594459,137.86944303764713
13.336953856,1.0021035617336898,137.69102470341602
13.339239424,1.0050839425349973,137.4684410770732
13.341526016,1.0077920560773566,137.20420360370457
13.343812608,1.0100523288658856,136.90338893655212
13.3460992,1.0117147395345842,136.57327238717934
13.348384768,1.0126641450266052,136.22295863630399
13.35067136,1.0128278753132014,135.86283368037095
13.352957952,1.012179881407638,135.50401165543755
13.355244544,1.0107437597779518,135.15778562546174
13.357531136,1.0085924307915901,134.83495357773322
13.359816704,1.005844813556865,134.5452252737316
13.362103296,1.0026606459377267,134.29666339305814
13.364389888,0.9992320878560547,134.09499083497718
13.36667648,0.9957725840643584,133.94325632207503
13.368963072,0.992504670909193,133.8413329214517
13.37124864,0.9896456600578869,133.7857850321729
13.373535232,0.9873926869611033,133.76988274349074
13.375821824,0.985909034151247,133.78398266614985
13.378108416,0.9853116033779841,133.81590488726104
13.380393984,0.9856612294770238,133.85194259050476
13.382680576,0.9869569372049735,133.87768980384814
13.384967168,0.9891351642844352,133.87919465382856
13.38725376,0.9920720957688377,133.8439147488029
13.389540352,0.9955928130512804,133.7616627208962
13.39182592,0.9994812454146744,133.62532799768758
13.394112512,1.0034949864184746,133.43120400165006
13.396399104,1.0073804245768412,133.1792468280868
13.398685696,1.010888163535641,132.87294217134283
13.400971264,1.0137887680046542,132.5190925830071
13.403257856,1.0158863303553907,132.1273083583437
13.405544448,1.017029848488077,131.70953240523107
13.40783104,1.017123112525039,131.27934359446488
13.410117632,1.0161311463313722,130.85135433042842
13.4124032,1.014083471104135,130.44046070448672
13.414689792,1.0110751796503126,130.06110713195633
13.416976384,1.0072636808809305,129.72647282129287
13.419262976,1.0028622078156635,129.44764763408773
13.421548544,0.9981303869567268,129.2328725758606
13.423835136,0.9933599966871118,129.08673557341257
13.426121728,0.9888584931957085,129.00965113635795
13.42840832,0.984930670411767,128.9973031102149
13.430694912,0.9818565043089219,129.04067404656118
13.43298048,0.9798717244284466,129.12625369136285
13.435267072,0.9791482825657162,129.2368394791127
13.437553664,0.9797795994188879,129.35261463146034
13.439840256,0.981770920027755,129.4526059120405
13.442125824,0.9850358776052305,129.51636016381735
13.444412416,0.9894009769963749,129.52541308560316
13.446699008,0.9946155567544541,129.46477998671688
13.4489856,1.0003685729343739,129.32387364791256
13.451272192,1.0063076036059353,129.097188616022
13.45355776,1.012061433649358,128.78443455665538
13.455844352,1.0172621442911558,128.3904241691265
13.458130944,1.0215660307989705,127.92460196768316
13.460417536,1.0246743223748314,127.40052497620141
13.462704128,1.0263487803602245,126.83507950933841
13.464989696,1.0264264627301538,126.24773005169726
13.467276288,1.0248308232951642,125.65975689034829
13.46956288,1.0215782984487884,125.09340184355767
13.471849472,1.0167837020360124,124.57097402330494
13.47413504,1.0106594356593532,124.11377453808754
13.476421632,1.0035111342716587,123.74098043539375
13.478708224,0.9957282548841738,123.46836140200065
13.480994816,0.9877689512002664,123.30680367002529
13.483281408,0.9801383204869553,123.2608722541162
13.485566976,0.9733602760118728,123.32747931332969
13.487853568,0.967944297940362,123.49496391665225
13.49014016,0.9643480372780278,123.74274848867796
13.492426752,0.9629390763636285,124.04203360169623
13.49471232,0.9639605083316084,124.35735966120747
13.496998912,0.9675045970397907,124.64928314578266
13.499285504,0.97349774880707,124.87758810659909
13.501572096,0.9816997341458312,125.00449738341274
13.503858688,0.9917160340072888,124.99784751353388
13.506144256,1.0030226289049162,124.83306816891202
13.508430848,1.0149973029727102,124.49441530762655
13.51071744,1.0269555395041094,123.97517850094522
13.513004032,1.038185474575532,123.27708287536156
13.5152896,1.047981786898382,122.40944144905842
13.517576192,1.0556732565087583,121.38783801666636
13.519862784,1.0606478383986726,120.23309120462352
13.522149376,1.0623723803847254,118.97034942518252
13.524435968,1.0604089693669763,117.62834937464552
13.526721536,1.0544277789261998,116.23904294393176
13.529008128,1.0442188940274808,114.83751342210685
13.53129472,1.0297014629519323,113.46201168579903
13.533581312,1.0109332231412438,112.154343086037
13.53586688,0.988118884492465,110.96022021699756
13.538153472,0.9616198141461363,109.92968929860646
13.540440064,0.9319631060875821,109.11744536543557
13.542726656,0.8998515061299519,108.58240117889734
13.545013248,0.8661719622047899,108.38666316771545
13.547298816,0.8319996239562981,108.59242611002328
13.549585408,0.7985930929200824,109.2566409470786
13.551872,0.7673698648060938,110.42189279775448
13.554158592,0.7398513970899733,112.10383437459376
13.556445184,0.7175641161135844,114.27634161199128
13.558730752,0.7018920703509582,116.85912455809641
13.561017344,0.6938967895203715,119.71488248693595
13.563303936,0.6941466718199594,122.66206167842505
13.565590528,0.7026126306206909,125.5033076261952
13.567876096,0.7186747689716704,128.05990722185362
13.570162688,0.7412345096903296,130.19918604074243
13.57244928,0.768889411588223,131.84576604718308
13.574735872,0.8001120307162086,132.97757646411313
13.577022464,0.8333924996513058,133.613001637902
13.579308032,0.8673334008902988,133.79611735280676
13.581594624,0.9007000423080967,133.58438970282492
13.583881216,0.9324428494590816,133.0399477554554
13.586167808,0.9616997191580556,132.22442549933706
13.588453376,0.9877916244305827,131.1961362649725
13.590739968,1.0102130018925062,130.00905837713384
13.59302656,1.0286217797999098,128.71256899824903
13.595313152,1.0428300818607246,127.35168368604013
13.597599744,1.0527938803130177,125.96752599391989
13.599885312,1.058605799079006,124.59769919205166
13.602171904,1.0604840100603221,123.27656522803402
13.604458496,1.0587637684549054,122.0352943056484
13.606745088,1.053884727994773,120.90182728983291
13.609030656,1.046378312331757,119.9003566179524
13.611317248,1.03685056211463,119.050670432994
13.61360384,1.0259616569379377,118.36729708336004
13.615890432,1.0144017377107017,117.85843126314798
13.618177024,1.0028620774895722,117.52481767603818
13.620462592,0.9920026887534333,117.35893963082272
13.622749184,0.9824186289181929,117.34462297262333
13.625035776,0.9746055694503152,117.4573762620663
13.627322368,0.968930938955875,117.66566716884718
13.62960896,0.9656122504308088,117.9330064864815
13.631894528,0.96470627121815,118.2208391670633
13.63418112,0.9661127516842445,118.49169722003367
13.636467712,0.9695887177872626,118.71224680572803
13.638754304,0.9747760861630494,118.85552476676573
13.641039872,0.981233943867101,118.9025155069822
13.643326464,0.9884751492409236,118.84262208708452
13.645613056,0.9960017308833378,118.67335528658579
13.647899648,1.003336100379135,118.39940215877438
13.65018624,1.010047249881864,118.03142358409929
13.652471808,1.0157712971484862,117.58461130490291
13.6547584,1.020225138479776,117.07735076223484
13.657044992,1.0232152429709,116.52999836764036
13.659331584,1.0246413038011801,115.96374425771317
13.661617152,1.0244959585806648,115.3996086032615
13.663903744,1.0228600701873691,114.85763988977203
13.666190336,1.0198949800398036,114.35601107953984
13.668476928,1.015831661128189,113.91030549009315
13.67076352,1.0109565330800376,113.53278126183442
13.673049088,1.0055951704102701,113.23177832349108
13.67533568,1.0000928564981335,113.01114711725249
13.677622272,0.9947947720198449,112.86996007042805
13.679908864,0.9900251574857464,112.80240631308473
13.682194432,0.9860663707331959,112.7980834499066
13.684481024,0.983142263052359,112.84264340312362
13.686767616,0.9814034176752239,112.91878762326554
13.689054208,0.9809189989648615,113.00752935154746
13.6913408,0.9816739411464792,113.08972451740816
13.693626368,0.9835729309159149,113.14741310973592
13.69591296,0.9864503479094392,113.16517681838248
13.698199552,0.9900840371362073,113.1311059401757
13.700486144,0.9942136400276881,113.03740437645894
13.702771712,0.9985590555091315,112.88065494011597
13.705058304,1.0028396957934507,112.66157851686089
13.707344896,1.0067915732075432,112.38483334356265
13.709631488,1.0101823314724991,112.05827701550396
13.71191808,1.0128235561708745,111.69235436847451
13.714203648,1.0145792132491678,111.29928971702009
13.71649024,1.0153712609483685,110.89240342768078
13.718776832,1.015181511132874,110.48530112301076
13.721063424,1.0140508726385904,110.09121808145592
13.723350016,1.0120755279332514,109.72232759806693
13.725635584,1.0093996943740506,109.38911002364699
13.727922176,1.006206923595161,109.09987725988005
13.730208768,1.0027086299525279,108.86017888991168
13.73249536,0.9991309552242084,108.67257063681912
13.734780928,0.995701243508545,108.53633444180102
13.73706752,0.9926334487981904,108.44749574779792
13.739354112,0.990114280640982,108.39911614595046
13.741640704,0.9882922374414964,108.38163342147045
13.743927296,0.9872672545428129,108.38359736481532
13.746212864,0.9870849476697626,108.39247562462478
13.748499456,0.9877356118781052,108.39558413794246
13.750786048,0.9891548660208557,108.38097735103148
13.75307264,0.9912305918420377,108.33832029827816
13.755358208,0.9938113180811535,108.25950250790495
13.7576448,0.9967184221987946,108.13912617844669
13.759931392,0.9997577627973723,107.97471795913667
13.762217984,1.0027335363209464,107.76672719046742
13.764504576,1.005460359932441,107.51827720728335
13.766790144,1.0077738465305812,107.23491993478287
13.769076736,1.009540637861848,106.92409304525218
13.771363328,1.0106644175407404,106.59463138976902
13.77364992,1.0110909307673621,106.25621504763525
13.775935488,1.0108098691221419,105.91882832872398
13.77822208,1.0098542929345695,105.59214830434121
13.780508672,1.0082980006460116,105.28506859974071
13.782795264,1.0062500628570412,105.00517756660845
13.785081856,1.0038486354076883,104.75836449735858
13.787367424,1.0012512264229463,104.54842456800782
13.789654016,0.998625860445959,104.3768517002518
13.791940608,0.9961397151340371,104.24271748778354
13.7942272,0.9939490147180773,104.14268740521136
13.796513792,0.9921888206519361,104.07127179957705
13.79879936,0.9909641749071246,104.02109647395204
13.801085952,0.9903439525389632,103.98353450583475
13.803372544,0.9903561718951748,103.94922898413786
13.805659136,0.9909874610256184,103.90875651386379
13.807944704,0.9921841321839886,103.85339291104005
13.810231296,0.9938571705562887,103.77554539824257
13.812517888,0.9958887584003776,103.66941073116548
13.81480448,0.9981410644489181,103.53114089260114
13.817091072,1.000465687745092,103.35914244218695
13.81937664,1.0027132354550343,103.1539887086362
13.821663232,1.004742924750529,102.91834614552651
13.823949824,1.0064315786538423,102.65670740143477
13.826236416,1.0076796929994822,102.3750073833628
13.828521984,1.0084176653295405,102.08025758040114
13.830808576,1.0086088238561555,101.78012253867271
13.833095168,1.0082512028503214,101.48241249863315
13.83538176,1.0073768047453293,101.19467089099678
13.837668352,1.0060490926871148,100.92373169135294
13.83995392,1.0043590621668894,100.67536698091537
13.842240512,1.002419214608112,100.4538546583873
13.844527104,1.0003560183626345,100.26183068094933
13.846813696,0.998302986291615,100.10003023805544
13.849099264,0.9963908405434142,99.96725408925619
13.851385856,0.9947403969370648,99.86047281745248
13.853672448,0.9934537502551384,99.77494376399282
13.85595904,0.9926083240766501,99.70459761151312
13.858245632,0.9922519253938089,99.64241633075386
13.8605312,0.992399691535065,99.58093828977745
13.862817792,0.9930339302498224,99.5127464523436
13.865104384,0.994105127145451,99.43107278334998
13.867390976,0.9955368789144166,99.3301155085689
13.869676544,0.9972306160013643,99.20555603868884
13.871963136,0.9990730567122029,99.05465039162088
13.874249728,1.0009436288218114,98.8764806180553
13.87653632,1.0027227108346841,98.67186289275871
13.878822912,1.004298465034351,98.44328474272822
13.88110848,1.005574731135478,98.19463771036115
13.883395072,1.0064756839296176,97.93102248228817
13.885681664,1.0069503115045269,97.65829046011021
13.887968256,1.006975296000885,97.38280245806698
13.890254848,1.0065557719139677,97.1109845648812
13.892540416,1.0057245211226926,96.84891498039349
13.894827008,1.0045396911199354,96.60204305009543
13.8971136,1.0030810951915454,96.37481624223533
13.899400192,1.0014450888547486,96.17044496492517
13.90168576,0.9997380489151522,95.99067639027348
13.903972352,0.9980700571825561,95.835687902972
13.906258944,0.9965478187532713,95.70405658085586
13.908545536,0.9952673319467267,95.59289300254548
13.910832128,0.9943082214433627,95.49793746306092
13.913117696,0.9937285440261461,95.41391408476436
13.915404288,0.9935607033721807,95.33489173969144
13.91769088,0.9938100536917436,95.25465314482419
13.919977472,0.9944546079838144,95.16717142262631
13.92226304,0.9954471445952336,95.06698349144094
13.924549632,0.9967185413567361,94.9495985303945
13.926836224,0.9981826123478653,94.81168644457146
13.929122816,0.9997424322482227,94.65138824474535
13.931409408,1.001296716867331,94.46827112240072
13.933694976,1.0027458765529538,94.26340941931956
13.935981568,1.0039992210293185,94.03920323299369
13.93826816,1.004979630218367,93.79925211424965
13.940554752,1.005628494465356,93.54803591389741
13.94284032,1.0059092375080572,93.29069544537668
13.945126912,1.005808473127004,93.0326413282407
13.947413504,1.0053375923190426,92.77929387388426
13.949700096,1.0045305348038744,92.53569316627903
13.951986688,1.0034426575434736,92.30625619194925
13.954272256,1.0021463985381966,92.0944802476951
13.956558848,1.0007267721790567,91.90274253884711
13.95884544,0.9992759524445473,91.73212806174156
13.961132032,0.9978874494389164,91.58236535810828
13.963418624,0.9966500974713376,91.45185300843322
13.965704192,0.9956422233116394,91.33772705706943
13.967990784,0.9949265299172925,91.23608059436353
13.970277376,0.994546194513822,91.14218276026149
13.972563968,0.9945222372690689,91.05087399734684
13.974849536,0.9948521619710297,90.95688227896692
13.977136128,0.9955102232117257,90.8551072330486
13.97942272,0.9964499233345802,90.74113830885116
13.981709312,0.9976070374225464,90.61134935674434
13.983995904,0.998904157518055,90.46326928784822
13.986281472,1.0002560273533379,90.29565799934046
13.988568064,1.0015750010942979,90.10850786667592
13.990854656,1.0027769832238005,89.90312551982385
13.993141248,1.0037864176387787,89.68189884356657
13.995426816,1.004541250760407,89.4482117547713
13.997713408,1.0049962010933087,89.20615723566672
14.0,1.0051254190611747,88.96031018343382
